20
0 1
0 2
0 3
0 6
0 7
0 8
0 9
0 13
0 14
0 17
0 18
0 19
0 21
0 23
0 26
0 28
0 33
0 34
0 35
0 36
0 37
0 38
1 5
1 8
1 9
1 10
1 11
1 13
1 18
1 24
1 26
1 28
1 29
1 30
1 33
2 3
2 4
2 5
2 7
2 10
2 13
2 14
2 15
2 16
2 17
2 19
2 21
2 23
2 25
2 27
2 30
2 33
2 34
2 35
2 37
2 38
3 6
3 7
3 8
3 11
3 12
3 13
3 17
3 20
3 21
3 25
3 26
3 27
3 28
3 29
3 30
3 31
3 34
4 5
4 6
4 7
4 8
4 11
4 20
4 25
4 26
4 27
4 31
4 32
4 35
4 37
5 6
5 7
5 9
5 10
5 13
5 14
5 15
5 18
5 20
5 21
5 22
5 24
5 30
5 31
5 32
5 33
5 38
6 7
6 8
6 9
6 10
6 12
6 14
6 15
6 16
6 17
6 20
6 21
6 22
6 23
6 24
6 25
6 26
6 27
6 30
6 31
6 37
7 10
7 11
7 14
7 15
7 16
7 17
7 20
7 21
7 22
7 24
7 25
7 29
7 30
7 35
7 37
8 9
8 11
8 16
8 17
8 19
8 20
8 21
8 22
8 24
8 25
8 28
8 29
8 32
8 33
9 10
9 12
9 14
9 15
9 18
9 20
9 23
9 25
9 28
9 33
9 35
9 38
10 12
10 13
10 14
10 19
10 20
10 21
10 23
10 26
10 27
10 30
10 33
10 34
10 37
10 38
11 12
11 13
11 15
11 16
11 21
11 23
11 24
11 25
11 27
11 30
11 31
11 32
11 35
11 36
11 38
12 14
12 16
12 17
12 18
12 19
12 20
12 21
12 23
12 24
12 26
12 34
12 35
12 37
12 38
13 14
13 18
13 20
13 21
13 23
13 25
13 26
13 27
13 31
13 35
13 36
13 37
13 38
14 16
14 17
14 19
14 20
14 22
14 24
14 25
14 28
14 34
14 35
14 36
15 16
15 19
15 20
15 23
15 24
15 25
15 26
15 27
15 29
15 30
15 32
15 35
15 36
15 37
15 38
16 19
16 21
16 22
16 23
16 24
16 26
16 27
16 28
16 29
16 31
16 32
16 38
17 18
17 19
17 20
17 21
17 22
17 24
17 25
17 26
17 29
17 31
17 33
17 36
17 37
17 38
18 23
18 24
18 25
18 28
18 30
18 31
18 33
18 35
18 36
19 20
19 21
19 22
19 23
19 25
19 27
19 29
19 30
19 31
19 32
19 34
19 35
19 36
19 38
20 22
20 23
20 25
20 28
20 34
20 37
21 23
21 25
21 29
21 33
21 35
21 36
21 37
22 25
22 26
22 27
22 29
22 31
22 32
22 33
22 34
22 36
22 37
23 24
23 27
23 28
23 30
23 31
23 32
23 33
23 34
23 36
23 37
24 25
24 27
24 28
24 29
24 30
24 31
24 32
24 33
24 35
24 36
24 37
24 38
25 26
25 27
25 28
25 30
25 36
26 27
26 30
26 32
26 33
26 34
26 36
26 38
27 28
27 32
27 35
27 36
27 37
28 29
28 32
28 33
28 34
28 35
28 36
28 37
29 30
29 31
29 33
29 34
29 35
29 36
29 37
29 38
30 34
30 35
30 36
31 33
31 34
31 35
31 36
31 38
32 33
32 36
32 37
32 38
34 35
34 36
34 37
35 37
36 38