20
0 3
0 4
0 5
0 7
0 8
0 9
0 10
0 12
0 14
0 16
0 17
0 18
0 21
0 22
0 25
0 27
1 2
1 3
1 5
1 9
1 10
1 14
1 18
1 19
1 20
1 22
1 23
1 25
1 26
1 27
1 29
2 4
2 5
2 7
2 9
2 10
2 11
2 12
2 14
2 17
2 18
2 20
2 22
2 25
2 26
2 28
2 29
3 5
3 6
3 7
3 8
3 9
3 10
3 11
3 12
3 13
3 15
3 17
3 18
3 20
3 23
3 28
4 8
4 9
4 10
4 11
4 14
4 16
4 17
4 18
4 21
4 22
4 23
4 26
4 28
5 6
5 7
5 13
5 16
5 17
5 18
5 21
5 24
5 25
6 8
6 11
6 16
6 17
6 18
6 19
6 20
6 24
6 25
6 26
6 29
7 11
7 12
7 14
7 15
7 17
7 18
7 19
7 20
7 21
7 24
7 25
7 26
7 27
7 29
8 10
8 12
8 16
8 20
8 24
8 29
9 10
9 13
9 15
9 17
9 21
9 23
9 26
9 27
9 28
9 29
10 13
10 17
10 18
10 19
10 20
10 23
10 25
10 27
11 13
11 15
11 16
11 18
11 19
11 20
11 23
11 24
11 25
12 15
12 17
12 18
12 20
12 25
12 27
13 17
13 18
13 20
13 23
13 24
13 27
13 28
14 20
14 21
14 23
14 24
14 25
14 26
14 29
15 17
15 19
15 20
15 21
15 23
15 28
16 20
16 22
16 23
16 25
16 26
16 27
17 18
17 20
17 22
17 27
17 28
18 23
18 24
18 26
18 28
19 20
19 24
19 28
20 21
20 23
20 24
20 25
20 26
20 28
21 22
21 23
21 24
21 25
21 26
21 27
22 25
22 26
22 27
22 28
22 29
23 25
23 28
24 25
24 26
24 29
26 29
27 28
28 29