17
0 1
0 3
0 5
0 6
0 8
0 11
0 12
0 15
0 16
0 17
0 19
0 21
0 24
0 25
0 27
0 28
0 30
0 32
0 38
0 39
0 43
1 2
1 6
1 11
1 12
1 13
1 14
1 15
1 20
1 21
1 24
1 25
1 27
1 29
1 31
1 34
1 35
1 37
1 38
1 39
1 43
2 7
2 9
2 11
2 12
2 13
2 15
2 16
2 18
2 20
2 24
2 25
2 26
2 31
2 32
2 33
2 35
2 37
2 40
3 5
3 7
3 11
3 12
3 13
3 14
3 15
3 16
3 18
3 21
3 22
3 24
3 30
3 31
3 33
3 37
3 39
3 40
4 5
4 7
4 8
4 9
4 11
4 16
4 19
4 22
4 23
4 24
4 26
4 29
4 33
4 34
4 35
4 38
4 41
5 11
5 12
5 14
5 17
5 23
5 24
5 28
5 29
5 30
5 34
5 37
5 39
5 40
5 41
5 43
6 7
6 10
6 16
6 19
6 22
6 27
6 29
6 35
6 36
6 37
6 38
6 40
6 42
7 9
7 11
7 13
7 14
7 17
7 18
7 23
7 27
7 28
7 29
7 32
7 33
7 34
7 36
7 38
7 39
7 40
7 41
7 42
8 10
8 11
8 12
8 13
8 16
8 20
8 23
8 24
8 29
8 30
8 32
8 35
8 36
8 41
8 42
8 43
9 10
9 13
9 15
9 18
9 19
9 21
9 22
9 25
9 26
9 27
9 31
9 33
9 34
9 35
9 37
9 38
9 39
9 40
9 41
9 42
9 43
10 11
10 19
10 20
10 22
10 24
10 27
10 29
10 31
10 32
10 33
10 34
10 37
10 42
10 43
11 13
11 17
11 18
11 24
11 25
11 26
11 27
11 28
11 30
11 33
11 34
11 35
11 36
11 37
11 39
11 40
12 16
12 19
12 20
12 21
12 23
12 25
12 26
12 28
12 31
12 32
12 40
12 41
12 42
13 16
13 18
13 21
13 24
13 25
13 27
13 29
13 30
13 31
13 33
13 35
13 36
13 38
13 39
13 42
13 43
14 15
14 17
14 18
14 20
14 21
14 23
14 24
14 25
14 26
14 28
14 32
14 35
14 36
14 37
14 38
14 41
15 17
15 19
15 24
15 26
15 27
15 28
15 29
15 31
15 32
15 33
15 35
15 36
15 39
15 40
15 41
15 42
16 19
16 21
16 24
16 25
16 30
16 31
16 32
16 33
16 35
16 36
16 37
16 39
16 40
16 41
16 42
17 22
17 23
17 24
17 30
17 31
17 33
17 38
17 39
17 41
17 42
18 19
18 22
18 23
18 25
18 28
18 31
18 32
18 33
18 36
18 37
18 38
18 41
18 42
18 43
19 20
19 25
19 26
19 30
19 31
19 34
19 35
19 37
19 38
19 40
19 42
19 43
20 21
20 23
20 25
20 26
20 27
20 29
20 31
20 32
20 36
20 37
20 38
20 39
20 41
20 43
21 23
21 24
21 25
21 26
21 28
21 29
21 32
21 33
21 35
21 37
21 38
21 41
21 42
21 43
22 25
22 26
22 30
22 31
22 34
22 35
22 37
22 38
22 40
22 41
23 28
23 30
23 34
23 35
23 38
23 41
24 25
24 28
24 30
24 31
24 32
24 37
24 42
24 43
25 26
25 27
25 28
25 29
25 30
25 33
25 34
25 36
25 37
25 40
26 30
26 31
26 32
26 33
26 34
26 35
26 41
26 42
27 28
27 31
27 37
27 39
27 41
28 29
28 30
28 34
28 36
28 37
28 38
28 40
28 41
29 31
29 36
29 37
29 39
29 40
29 43
30 31
30 32
30 35
30 37
30 40
30 43
31 32
31 35
31 36
31 39
31 42
32 33
32 34
32 35
32 36
32 38
32 43
33 36
33 38
33 39
33 41
33 42
34 36
34 39
34 40
34 43
35 37
35 40
35 41
35 43
36 37
36 38
36 40
36 43
37 40
38 42
38 43
39 43
40 41
40 43
41 42