14
0 1
0 4
0 5
0 6
0 7
0 8
0 9
0 10
0 15
0 16
0 17
0 23
0 24
0 25
1 6
1 7
1 10
1 11
1 14
1 16
1 17
1 19
1 20
1 21
1 23
2 9
2 11
2 16
2 17
2 20
2 24
3 4
3 5
3 7
3 9
3 10
3 11
3 14
3 18
3 21
3 22
4 6
4 9
4 12
4 13
4 16
4 20
4 21
4 22
4 23
4 25
5 6
5 11
5 15
5 16
5 17
5 19
5 21
5 22
5 24
5 25
6 8
6 9
6 10
6 13
6 14
6 15
6 17
6 22
6 23
7 8
7 10
7 11
7 12
7 14
7 15
7 18
7 22
7 25
8 10
8 12
8 14
8 15
8 19
8 22
8 25
9 10
9 12
9 13
9 16
9 17
9 18
9 19
9 21
9 25
10 13
10 14
10 16
10 17
10 19
10 20
10 22
10 23
10 24
10 25
11 13
11 17
11 19
11 20
12 14
12 16
12 18
12 22
12 24
12 25
13 14
13 17
13 18
13 19
13 21
13 22
13 23
14 15
14 16
14 17
14 19
14 20
14 22
14 25
15 16
15 20
15 21
15 25
16 19
16 20
16 22
16 23
16 24
16 25
17 20
17 22
17 23
17 25
18 19
18 23
18 24
20 21
20 22
21 22
21 23
22 23
22 24
22 25
23 24
23 25
24 25