19
0 1
0 3
0 4
0 9
0 13
0 16
0 20
0 21
0 23
0 24
0 25
0 27
0 29
0 30
0 31
0 33
0 34
0 36
1 2
1 5
1 6
1 9
1 10
1 11
1 12
1 13
1 14
1 18
1 21
1 22
1 23
1 24
1 25
1 26
1 28
1 29
1 34
2 6
2 10
2 11
2 14
2 17
2 24
2 25
2 28
2 31
2 34
2 35
2 37
3 4
3 6
3 7
3 8
3 12
3 15
3 18
3 19
3 20
3 21
3 26
3 27
3 29
3 31
3 37
4 6
4 7
4 8
4 10
4 12
4 14
4 15
4 16
4 18
4 20
4 21
4 24
4 27
4 29
4 32
4 34
5 8
5 11
5 18
5 19
5 22
5 23
5 24
5 26
5 27
5 31
5 33
5 34
5 36
5 37
6 9
6 10
6 13
6 14
6 15
6 20
6 23
6 24
6 25
6 26
6 27
6 36
6 37
7 8
7 9
7 10
7 11
7 12
7 13
7 14
7 15
7 16
7 18
7 19
7 20
7 21
7 25
7 28
7 29
7 32
7 35
7 38
8 12
8 16
8 19
8 21
8 22
8 25
8 27
8 33
8 35
8 37
9 10
9 12
9 15
9 18
9 19
9 20
9 22
9 23
9 24
9 25
9 26
9 27
9 29
9 30
9 31
9 33
9 34
9 37
10 12
10 15
10 17
10 18
10 19
10 20
10 21
10 22
10 24
10 25
10 27
10 29
10 31
10 33
10 35
10 37
11 14
11 16
11 18
11 19
11 20
11 23
11 26
11 27
11 36
11 37
12 17
12 18
12 19
12 20
12 24
12 25
12 29
12 31
12 33
12 35
12 38
13 14
13 15
13 17
13 20
13 21
13 22
13 23
13 26
13 27
13 29
13 31
13 33
13 36
13 37
13 38
14 16
14 17
14 18
14 19
14 22
14 23
14 24
14 25
14 26
14 28
14 32
14 33
14 34
14 35
14 36
15 16
15 18
15 22
15 23
15 25
15 26
15 27
15 28
15 30
15 31
15 32
15 37
16 17
16 18
16 20
16 21
16 23
16 25
16 26
16 27
16 28
16 29
16 31
16 32
16 33
16 36
17 19
17 20
17 22
17 24
17 25
17 29
17 31
17 33
17 34
17 35
18 19
18 23
18 24
18 25
18 26
18 27
18 28
18 31
18 34
18 35
18 36
19 20
19 21
19 22
19 23
19 24
19 33
19 34
19 35
19 36
19 37
20 21
20 22
20 23
20 25
20 26
20 27
20 28
20 29
20 30
20 32
20 33
20 36
20 37
21 22
21 24
21 25
21 27
21 28
21 29
21 31
21 37
22 23
22 24
22 25
22 26
22 29
22 33
22 34
22 38
23 25
23 26
23 27
23 29
23 35
23 37
24 25
24 29
24 30
24 38
25 27
25 28
25 29
25 31
25 32
25 37
26 28
26 29
26 30
26 31
26 33
26 36
26 37
27 30
27 32
27 35
27 37
28 30
28 31
28 33
28 34
28 36
28 38
29 33
29 34
30 31
30 35
30 37
30 38
31 33
31 36
31 37
31 38
32 33
32 34
32 38
33 34
33 36
33 37
33 38
34 35
34 36
34 38
35 38
36 38