21
0 1
0 5
0 8
0 9
0 10
0 12
0 13
0 14
0 17
0 18
0 19
0 26
0 28
0 29
0 32
0 33
0 34
0 35
1 2
1 3
1 7
1 8
1 10
1 11
1 13
1 15
1 20
1 23
1 27
1 28
1 31
1 33
1 34
2 3
2 4
2 5
2 6
2 9
2 11
2 12
2 15
2 16
2 17
2 19
2 21
2 23
2 24
2 26
2 33
3 5
3 6
3 7
3 8
3 9
3 10
3 11
3 14
3 16
3 18
3 20
3 23
3 24
3 25
3 28
3 29
3 30
3 33
3 34
4 5
4 8
4 10
4 11
4 12
4 14
4 15
4 16
4 18
4 22
4 23
4 24
4 27
4 28
4 30
4 32
5 6
5 7
5 10
5 12
5 14
5 16
5 17
5 20
5 22
5 23
5 28
5 30
5 31
5 34
5 35
6 7
6 12
6 13
6 15
6 17
6 18
6 20
6 21
6 22
6 23
6 25
6 26
6 29
6 30
6 31
6 32
6 34
7 8
7 11
7 13
7 15
7 16
7 17
7 23
7 25
7 27
7 29
7 30
7 31
7 34
7 35
8 11
8 14
8 15
8 21
8 24
8 25
8 26
8 27
8 29
8 31
9 10
9 11
9 13
9 14
9 17
9 18
9 23
9 25
9 26
9 27
9 28
9 31
9 33
9 34
10 11
10 12
10 14
10 18
10 20
10 22
10 23
10 24
10 26
10 30
10 31
10 33
10 35
11 12
11 13
11 16
11 17
11 19
11 21
11 22
11 23
11 24
11 29
11 33
12 15
12 16
12 17
12 21
12 23
12 24
12 26
12 27
12 29
12 32
12 34
13 14
13 18
13 19
13 21
13 22
13 23
13 24
13 26
13 27
13 29
13 31
13 32
13 34
14 15
14 19
14 21
14 22
14 23
14 29
14 33
14 34
15 17
15 18
15 20
15 23
15 25
15 30
15 31
15 33
15 34
16 17
16 19
16 21
16 26
16 30
16 32
16 35
17 18
17 20
17 22
17 23
17 25
17 26
17 27
17 28
17 30
17 31
17 34
18 20
18 21
18 24
18 26
18 28
18 29
18 31
19 20
19 21
19 22
19 23
19 24
19 29
19 31
19 32
19 34
19 35
20 22
20 23
20 25
20 27
20 28
20 33
20 35
21 23
21 25
21 27
21 28
21 29
21 30
21 32
21 34
22 26
22 29
22 32
22 35
23 27
23 28
23 31
23 32
23 33
23 34
23 35
24 30
24 33
24 34
24 35
25 29
25 31
25 32
25 35
26 27
26 34
27 28
27 29
27 33
27 35
28 31
28 33
28 34
29 31
29 33
29 34
29 35
30 33
30 35
31 32
31 33
31 34
31 35
32 34