13
0 1
0 5
0 6
0 9
0 16
0 17
0 20
0 21
0 22
0 23
0 24
0 27
0 29
0 30
0 36
1 2
1 4
1 6
1 7
1 8
1 10
1 12
1 13
1 14
1 15
1 16
1 18
1 20
1 21
1 22
1 28
1 29
1 31
1 32
1 36
2 3
2 6
2 7
2 8
2 9
2 11
2 16
2 19
2 20
2 21
2 22
2 23
2 27
2 29
2 30
2 32
2 33
2 34
2 35
3 4
3 5
3 6
3 7
3 8
3 10
3 14
3 17
3 18
3 19
3 21
3 22
3 23
3 26
3 27
3 29
3 31
3 32
3 36
4 6
4 9
4 10
4 12
4 14
4 15
4 18
4 20
4 21
4 22
4 23
4 27
4 33
4 36
5 7
5 8
5 10
5 11
5 13
5 14
5 16
5 17
5 18
5 19
5 21
5 22
5 23
5 25
5 29
5 30
5 32
5 35
6 11
6 13
6 18
6 19
6 20
6 22
6 23
6 27
6 34
6 35
7 10
7 11
7 12
7 17
7 19
7 20
7 21
7 23
7 24
7 25
7 26
7 29
7 30
7 31
7 32
7 33
7 34
7 35
8 9
8 12
8 14
8 19
8 24
8 26
8 30
8 31
8 32
8 34
8 35
9 14
9 16
9 20
9 21
9 22
9 26
9 27
9 28
9 29
9 31
9 34
9 35
9 36
10 11
10 14
10 15
10 18
10 19
10 20
10 24
10 25
10 26
10 27
10 30
10 31
10 34
10 35
11 14
11 19
11 22
11 23
11 26
11 27
11 29
11 31
11 33
11 34
11 35
12 16
12 17
12 18
12 19
12 20
12 21
12 22
12 23
12 25
12 28
12 30
12 31
12 32
12 34
12 35
12 36
13 15
13 17
13 18
13 19
13 20
13 26
13 28
13 29
13 33
13 34
13 35
14 17
14 20
14 22
14 24
14 25
14 30
14 33
14 36
15 18
15 21
15 22
15 24
15 25
15 26
15 27
15 28
15 31
15 32
15 33
15 34
15 35
15 36
16 19
16 20
16 21
16 22
16 24
16 28
16 31
16 32
16 34
16 35
17 19
17 20
17 21
17 22
17 23
17 24
17 26
17 28
17 29
17 30
17 31
17 32
17 34
18 20
18 21
18 23
18 24
18 30
18 36
19 21
19 27
19 29
19 31
19 34
19 36
20 21
20 23
20 30
20 32
20 33
20 34
20 35
21 23
21 25
21 28
21 29
21 31
21 34
22 26
22 27
22 32
22 34
22 35
23 24
23 33
24 25
24 26
24 27
24 29
24 34
24 35
25 26
25 27
25 28
25 32
25 33
25 34
26 29
26 32
26 34
26 35
26 36
27 28
27 29
27 31
27 32
28 29
28 30
28 31
28 33
28 34
28 35
29 30
29 35
29 36
30 32
30 33
30 34
31 32
32 33
32 36
33 35
34 35
34 36