9
0 1
0 2
0 5
0 11
0 12
0 15
0 16
0 17
0 24
0 29
0 31
0 33
0 34
0 36
0 37
0 38
0 40
0 41
0 42
0 43
0 44
0 45
0 49
0 50
0 51
0 52
0 54
0 55
0 62
0 63
0 64
0 68
0 69
0 72
0 73
0 75
0 76
0 77
0 78
0 80
0 81
0 82
0 83
0 85
0 91
0 94
0 95
0 96
0 97
0 98
1 2
1 3
1 5
1 6
1 9
1 10
1 12
1 13
1 14
1 15
1 16
1 18
1 19
1 25
1 26
1 27
1 28
1 29
1 30
1 31
1 32
1 34
1 35
1 37
1 39
1 40
1 41
1 43
1 44
1 47
1 48
1 51
1 52
1 55
1 57
1 59
1 61
1 63
1 64
1 65
1 68
1 69
1 70
1 74
1 75
1 79
1 82
1 86
1 88
1 89
1 90
1 91
1 92
1 93
1 95
1 96
1 97
1 98
1 99
2 3
2 4
2 5
2 6
2 8
2 9
2 14
2 15
2 19
2 20
2 23
2 29
2 33
2 35
2 36
2 37
2 38
2 39
2 40
2 49
2 54
2 57
2 59
2 60
2 61
2 62
2 65
2 73
2 76
2 78
2 79
2 82
2 84
2 91
2 93
2 98
3 4
3 7
3 8
3 10
3 11
3 12
3 13
3 16
3 17
3 19
3 20
3 21
3 23
3 24
3 25
3 26
3 28
3 32
3 34
3 37
3 38
3 40
3 41
3 43
3 44
3 46
3 47
3 49
3 50
3 51
3 53
3 55
3 56
3 57
3 59
3 63
3 64
3 72
3 76
3 77
3 80
3 83
3 85
3 88
3 90
3 91
3 94
3 95
3 97
4 5
4 9
4 10
4 12
4 15
4 28
4 31
4 33
4 34
4 35
4 36
4 37
4 38
4 40
4 42
4 43
4 46
4 49
4 50
4 51
4 52
4 60
4 63
4 64
4 65
4 66
4 68
4 69
4 73
4 74
4 75
4 82
4 84
4 87
4 89
4 90
4 91
4 92
4 97
4 98
5 6
5 9
5 11
5 12
5 15
5 17
5 19
5 20
5 21
5 24
5 29
5 31
5 34
5 35
5 36
5 38
5 39
5 42
5 46
5 47
5 48
5 49
5 50
5 51
5 52
5 57
5 59
5 62
5 64
5 65
5 68
5 71
5 73
5 75
5 77
5 79
5 80
5 84
5 86
5 87
5 88
5 92
5 93
5 95
5 96
5 98
6 8
6 9
6 13
6 15
6 17
6 18
6 23
6 28
6 29
6 32
6 35
6 36
6 40
6 43
6 44
6 45
6 48
6 50
6 52
6 53
6 57
6 58
6 59
6 60
6 61
6 66
6 68
6 69
6 70
6 71
6 72
6 74
6 75
6 76
6 78
6 79
6 80
6 81
6 84
6 86
6 87
6 89
6 90
6 99
7 13
7 14
7 17
7 18
7 22
7 29
7 30
7 32
7 33
7 35
7 36
7 41
7 42
7 46
7 49
7 51
7 52
7 54
7 55
7 56
7 63
7 66
7 69
7 71
7 72
7 73
7 74
7 75
7 76
7 77
7 78
7 80
7 81
7 83
7 84
7 85
7 86
7 87
7 90
7 93
7 94
7 95
7 98
8 9
8 11
8 12
8 16
8 19
8 20
8 22
8 29
8 30
8 31
8 32
8 33
8 34
8 38
8 39
8 45
8 47
8 48
8 52
8 53
8 54
8 57
8 60
8 61
8 62
8 66
8 67
8 68
8 73
8 75
8 77
8 79
8 80
8 82
8 83
8 86
8 87
8 90
8 91
8 96
8 97
9 13
9 14
9 15
9 16
9 17
9 18
9 21
9 24
9 25
9 31
9 34
9 35
9 36
9 37
9 39
9 41
9 45
9 47
9 49
9 53
9 54
9 55
9 56
9 57
9 58
9 62
9 65
9 67
9 69
9 71
9 72
9 73
9 75
9 77
9 79
9 81
9 82
9 84
9 87
9 90
9 91
9 93
9 97
9 99
10 11
10 14
10 20
10 22
10 23
10 24
10 25
10 31
10 33
10 34
10 37
10 40
10 41
10 43
10 44
10 45
10 52
10 53
10 57
10 58
10 59
10 61
10 62
10 63
10 64
10 65
10 67
10 68
10 70
10 71
10 72
10 75
10 76
10 77
10 80
10 81
10 82
10 84
10 85
10 88
10 90
10 95
10 96
10 98
11 12
11 13
11 16
11 17
11 18
11 21
11 26
11 29
11 31
11 32
11 39
11 40
11 41
11 42
11 44
11 46
11 48
11 50
11 51
11 52
11 53
11 54
11 55
11 56
11 57
11 58
11 59
11 61
11 62
11 64
11 65
11 66
11 67
11 70
11 74
11 75
11 76
11 77
11 78
11 80
11 86
11 87
11 91
11 93
11 94
11 95
11 96
12 13
12 15
12 17
12 18
12 21
12 23
12 24
12 26
12 29
12 30
12 31
12 32
12 33
12 36
12 37
12 38
12 39
12 40
12 41
12 42
12 43
12 44
12 46
12 47
12 48
12 49
12 51
12 52
12 54
12 55
12 56
12 58
12 60
12 61
12 63
12 66
12 67
12 68
12 70
12 72
12 76
12 78
12 79
12 86
12 87
12 88
12 89
12 90
12 92
12 95
12 97
12 99
13 15
13 17
13 18
13 20
13 22
13 23
13 25
13 27
13 30
13 31
13 34
13 36
13 37
13 39
13 46
13 47
13 48
13 49
13 52
13 53
13 55
13 56
13 57
13 61
13 62
13 65
13 68
13 69
13 70
13 71
13 72
13 73
13 74
13 76
13 81
13 86
13 90
13 91
13 94
13 95
13 96
13 97
13 99
14 16
14 19
14 24
14 25
14 26
14 27
14 28
14 30
14 31
14 32
14 36
14 39
14 41
14 42
14 45
14 47
14 48
14 50
14 54
14 55
14 56
14 57
14 63
14 66
14 67
14 71
14 76
14 77
14 78
14 79
14 80
14 81
14 86
14 87
14 89
14 90
14 91
14 92
14 93
14 98
15 16
15 18
15 20
15 21
15 22
15 24
15 27
15 32
15 36
15 38
15 41
15 43
15 45
15 47
15 49
15 52
15 60
15 62
15 63
15 67
15 68
15 71
15 73
15 74
15 75
15 78
15 81
15 84
15 90
15 91
15 92
15 93
15 94
15 96
15 97
15 98
15 99
16 17
16 18
16 19
16 20
16 22
16 23
16 24
16 25
16 26
16 27
16 29
16 32
16 33
16 34
16 35
16 36
16 39
16 41
16 44
16 45
16 46
16 47
16 48
16 49
16 51
16 52
16 57
16 58
16 59
16 63
16 64
16 69
16 70
16 72
16 73
16 75
16 77
16 79
16 82
16 83
16 84
16 86
16 87
16 89
16 90
16 91
16 93
16 94
16 96
16 99
17 18
17 20
17 22
17 24
17 25
17 26
17 27
17 30
17 31
17 32
17 34
17 35
17 39
17 45
17 46
17 47
17 48
17 50
17 51
17 54
17 56
17 58
17 59
17 60
17 62
17 63
17 66
17 71
17 77
17 78
17 79
17 81
17 82
17 85
17 86
17 89
17 90
17 93
17 95
17 96
17 97
17 98
18 19
18 20
18 21
18 23
18 27
18 28
18 30
18 32
18 37
18 41
18 44
18 45
18 49
18 50
18 53
18 55
18 56
18 60
18 66
18 67
18 68
18 70
18 73
18 74
18 76
18 80
18 82
18 83
18 84
18 85
18 87
18 88
18 89
18 91
18 93
18 97
18 99
19 21
19 22
19 24
19 28
19 30
19 32
19 34
19 36
19 41
19 48
19 49
19 51
19 53
19 57
19 58
19 61
19 64
19 65
19 66
19 68
19 71
19 75
19 76
19 77
19 80
19 81
19 84
19 87
19 88
19 90
19 91
19 92
19 93
19 96
19 97
20 21
20 27
20 28
20 29
20 33
20 35
20 36
20 39
20 40
20 43
20 45
20 48
20 49
20 50
20 52
20 53
20 56
20 57
20 60
20 62
20 64
20 65
20 66
20 68
20 69
20 71
20 72
20 73
20 74
20 75
20 78
20 83
20 84
20 85
20 88
20 91
20 94
20 97
21 23
21 24
21 26
21 28
21 29
21 37
21 44
21 45
21 46
21 47
21 48
21 51
21 52
21 53
21 55
21 56
21 57
21 59
21 60
21 61
21 63
21 64
21 65
21 68
21 69
21 72
21 79
21 80
21 81
21 82
21 83
21 84
21 86
21 91
21 92
21 93
21 95
21 96
22 24
22 27
22 28
22 31
22 32
22 33
22 34
22 35
22 42
22 43
22 44
22 46
22 48
22 49
22 51
22 52
22 54
22 56
22 57
22 58
22 61
22 62
22 64
22 65
22 66
22 67
22 68
22 70
22 71
22 72
22 73
22 74
22 75
22 77
22 79
22 80
22 84
22 86
22 87
22 89
22 91
22 96
22 98
23 27
23 31
23 33
23 35
23 36
23 37
23 49
23 51
23 52
23 56
23 57
23 58
23 59
23 60
23 61
23 62
23 63
23 64
23 65
23 69
23 70
23 71
23 73
23 74
23 77
23 79
23 80
23 81
23 82
23 83
23 84
23 85
23 86
23 87
23 89
23 90
23 92
23 93
23 96
24 29
24 30
24 32
24 33
24 35
24 37
24 39
24 40
24 42
24 44
24 45
24 46
24 47
24 48
24 49
24 50
24 51
24 53
24 55
24 57
24 58
24 60
24 61
24 62
24 64
24 69
24 71
24 73
24 74
24 75
24 77
24 78
24 79
24 80
24 81
24 82
24 87
24 91
24 93
24 94
24 95
25 28
25 31
25 32
25 35
25 40
25 41
25 42
25 43
25 44
25 48
25 50
25 52
25 54
25 58
25 59
25 61
25 62
25 65
25 66
25 68
25 73
25 77
25 82
25 83
25 84
25 85
25 86
25 88
25 90
25 91
25 92
25 94
25 95
25 96
25 97
25 98
26 27
26 32
26 33
26 34
26 35
26 36
26 40
26 42
26 44
26 47
26 51
26 53
26 54
26 56
26 58
26 59
26 60
26 65
26 67
26 70
26 72
26 73
26 74
26 78
26 79
26 80
26 82
26 83
26 84
26 85
26 88
26 91
26 96
26 99
27 29
27 30
27 32
27 33
27 34
27 35
27 38
27 39
27 43
27 44
27 45
27 47
27 51
27 53
27 55
27 56
27 57
27 58
27 59
27 61
27 62
27 63
27 64
27 66
27 67
27 70
27 72
27 75
27 76
27 80
27 81
27 82
27 86
27 89
27 91
27 93
27 94
27 97
27 98
27 99
28 33
28 36
28 40
28 41
28 49
28 50
28 51
28 53
28 54
28 56
28 57
28 58
28 64
28 65
28 66
28 69
28 71
28 72
28 74
28 75
28 78
28 79
28 83
28 85
28 91
28 92
28 94
28 96
28 99
29 30
29 31
29 32
29 35
29 36
29 37
29 43
29 45
29 46
29 47
29 49
29 51
29 53
29 54
29 55
29 56
29 57
29 58
29 60
29 64
29 65
29 67
29 70
29 71
29 72
29 74
29 76
29 77
29 81
29 82
29 84
29 85
29 88
29 89
29 93
29 98
30 32
30 33
30 35
30 36
30 38
30 39
30 43
30 47
30 50
30 52
30 54
30 55
30 57
30 60
30 61
30 63
30 64
30 65
30 68
30 72
30 73
30 74
30 75
30 77
30 78
30 79
30 80
30 82
30 83
30 91
30 93
30 99
31 36
31 38
31 39
31 40
31 42
31 45
31 46
31 48
31 51
31 56
31 58
31 59
31 61
31 62
31 64
31 66
31 69
31 72
31 73
31 77
31 81
31 82
31 83
31 87
31 89
31 90
31 92
31 93
31 94
31 95
31 96
31 97
31 99
32 34
32 38
32 39
32 42
32 43
32 45
32 46
32 47
32 48
32 49
32 50
32 53
32 57
32 59
32 62
32 66
32 67
32 68
32 70
32 72
32 74
32 75
32 76
32 79
32 81
32 82
32 84
32 89
32 90
32 93
32 94
32 95
32 99
33 34
33 35
33 36
33 38
33 39
33 40
33 41
33 44
33 45
33 50
33 51
33 52
33 53
33 54
33 56
33 57
33 60
33 62
33 64
33 65
33 66
33 69
33 73
33 76
33 77
33 78
33 82
33 84
33 88
33 89
33 91
33 93
33 94
33 95
33 98
33 99
34 35
34 36
34 38
34 39
34 40
34 42
34 44
34 45
34 48
34 49
34 50
34 51
34 53
34 55
34 56
34 58
34 59
34 61
34 62
34 65
34 69
34 70
34 73
34 75
34 76
34 77
34 78
34 89
34 90
34 91
34 94
34 97
34 98
35 40
35 41
35 42
35 43
35 46
35 52
35 54
35 57
35 58
35 59
35 61
35 62
35 63
35 64
35 70
35 71
35 73
35 74
35 75
35 76
35 77
35 79
35 84
35 86
35 88
35 90
35 91
35 93
35 94
35 95
35 96
36 38
36 42
36 43
36 44
36 45
36 47
36 48
36 50
36 51
36 52
36 53
36 59
36 60
36 62
36 63
36 64
36 67
36 69
36 70
36 71
36 73
36 76
36 79
36 80
36 82
36 84
36 86
36 88
36 90
36 93
36 94
36 95
36 97
37 41
37 42
37 44
37 46
37 47
37 50
37 51
37 52
37 54
37 58
37 59
37 61
37 64
37 65
37 68
37 69
37 71
37 72
37 73
37 78
37 81
37 82
37 85
37 86
37 89
37 94
37 95
37 98
37 99
38 39
38 40
38 42
38 47
38 48
38 51
38 53
38 56
38 58
38 61
38 63
38 64
38 69
38 70
38 71
38 75
38 76
38 82
38 84
38 85
38 86
38 87
38 88
38 91
38 92
38 94
38 96
38 98
39 41
39 42
39 44
39 45
39 46
39 47
39 48
39 50
39 53
39 55
39 58
39 59
39 61
39 62
39 64
39 65
39 67
39 74
39 76
39 80
39 81
39 82
39 86
39 89
39 91
40 41
40 43
40 44
40 47
40 48
40 51
40 53
40 58
40 59
40 60
40 61
40 62
40 64
40 65
40 66
40 72
40 74
40 76
40 80
40 81
40 84
40 85
40 86
40 87
40 89
40 90
40 93
40 95
40 96
40 99
41 42
41 44
41 47
41 49
41 50
41 52
41 53
41 57
41 61
41 62
41 63
41 65
41 66
41 67
41 69
41 72
41 74
41 75
41 76
41 79
41 81
41 83
41 85
41 86
41 90
41 91
41 93
41 95
41 96
41 97
41 98
42 46
42 48
42 49
42 51
42 52
42 54
42 57
42 58
42 59
42 62
42 68
42 70
42 72
42 73
42 76
42 78
42 80
42 81
42 83
42 84
42 85
42 86
42 88
42 89
42 92
42 93
42 95
42 98
43 46
43 49
43 50
43 51
43 52
43 56
43 57
43 60
43 61
43 62
43 67
43 68
43 69
43 71
43 72
43 74
43 75
43 76
43 77
43 78
43 79
43 80
43 82
43 85
43 86
43 88
43 89
43 91
43 92
43 93
43 95
43 99
44 46
44 48
44 50
44 51
44 52
44 53
44 54
44 57
44 58
44 59
44 60
44 61
44 65
44 66
44 72
44 73
44 74
44 76
44 78
44 80
44 82
44 84
44 86
44 88
44 89
44 91
44 92
44 93
44 94
44 96
44 98
45 48
45 51
45 52
45 53
45 54
45 57
45 59
45 61
45 62
45 64
45 67
45 68
45 70
45 72
45 73
45 74
45 78
45 81
45 84
45 87
45 89
45 93
45 95
45 97
45 99
46 47
46 49
46 50
46 51
46 52
46 54
46 57
46 58
46 64
46 65
46 66
46 67
46 68
46 71
46 72
46 74
46 78
46 79
46 80
46 81
46 82
46 86
46 87
46 88
46 89
46 92
46 94
46 98
46 99
47 48
47 49
47 50
47 51
47 54
47 55
47 58
47 60
47 61
47 62
47 65
47 66
47 67
47 70
47 71
47 72
47 75
47 78
47 79
47 80
47 83
47 84
47 85
47 86
47 87
47 91
47 92
47 94
47 98
47 99
48 52
48 55
48 56
48 59
48 60
48 61
48 62
48 65
48 68
48 70
48 71
48 72
48 73
48 74
48 81
48 82
48 84
48 86
48 88
48 89
48 91
48 93
48 95
48 96
49 52
49 56
49 57
49 58
49 59
49 60
49 62
49 64
49 66
49 68
49 71
49 72
49 73
49 76
49 77
49 78
49 80
49 82
49 85
49 89
49 90
49 95
49 97
49 98
50 51
50 52
50 53
50 56
50 59
50 60
50 61
50 70
50 72
50 73
50 74
50 77
50 78
50 79
50 81
50 82
50 86
50 90
50 91
50 92
50 94
50 95
50 97
50 98
50 99
51 58
51 59
51 60
51 62
51 65
51 67
51 68
51 69
51 70
51 71
51 73
51 74
51 75
51 76
51 77
51 78
51 79
51 80
51 81
51 82
51 84
51 85
51 86
51 87
51 89
51 90
51 92
51 96
51 97
51 98
52 55
52 56
52 58
52 60
52 62
52 64
52 65
52 66
52 67
52 70
52 73
52 74
52 75
52 77
52 78
52 79
52 80
52 81
52 82
52 83
52 84
52 86
52 87
52 91
52 92
52 93
52 94
52 95
52 96
52 97
53 55
53 56
53 59
53 63
53 64
53 69
53 70
53 72
53 75
53 76
53 78
53 81
53 83
53 86
53 87
53 88
53 90
53 91
53 92
53 95
53 96
53 97
53 98
54 59
54 61
54 63
54 64
54 65
54 68
54 69
54 73
54 75
54 76
54 79
54 80
54 83
54 85
54 86
54 87
54 90
54 91
54 96
55 59
55 60
55 61
55 63
55 66
55 68
55 70
55 71
55 74
55 77
55 78
55 79
55 82
55 84
55 88
55 89
55 91
55 92
55 93
55 94
55 95
55 97
55 99
56 57
56 58
56 59
56 60
56 63
56 64
56 65
56 66
56 69
56 70
56 71
56 72
56 74
56 75
56 76
56 78
56 79
56 80
56 83
56 84
56 86
56 87
56 88
56 90
56 91
56 94
56 97
56 99
57 58
57 59
57 61
57 62
57 63
57 64
57 66
57 69
57 75
57 77
57 78
57 82
57 84
57 86
57 89
57 90
57 91
57 92
57 94
57 95
57 98
58 60
58 63
58 65
58 66
58 67
58 68
58 69
58 71
58 72
58 76
58 77
58 80
58 82
58 83
58 84
58 85
58 87
58 88
58 89
58 90
58 91
58 95
58 96
58 97
58 98
58 99
59 61
59 62
59 66
59 77
59 78
59 83
59 85
59 86
59 87
59 90
59 92
59 94
59 95
59 96
60 61
60 65
60 71
60 77
60 78
60 79
60 84
60 86
60 87
60 88
60 90
60 91
60 93
60 96
60 97
61 62
61 64
61 65
61 67
61 70
61 73
61 74
61 76
61 78
61 79
61 81
61 86
61 87
61 88
61 89
61 91
61 94
61 96
61 97
61 99
62 63
62 64
62 65
62 66
62 71
62 74
62 81
62 83
62 84
62 85
62 86
62 87
62 92
62 95
62 97
62 98
63 64
63 65
63 66
63 70
63 72
63 74
63 75
63 77
63 78
63 80
63 83
63 84
63 85
63 86
63 87
63 88
63 91
63 94
63 96
63 99
64 65
64 66
64 68
64 71
64 72
64 73
64 74
64 75
64 78
64 79
64 80
64 82
64 83
64 92
64 96
64 97
64 98
65 69
65 71
65 72
65 75
65 81
65 84
65 86
65 87
65 89
65 91
65 96
65 99
66 67
66 68
66 72
66 73
66 74
66 78
66 79
66 81
66 82
66 88
66 90
66 92
66 96
66 97
66 99
67 70
67 74
67 76
67 82
67 84
67 87
67 88
67 97
67 98
68 71
68 77
68 80
68 85
68 86
68 87
68 88
68 89
68 90
68 92
68 94
68 95
69 71
69 74
69 75
69 76
69 80
69 81
69 83
69 86
69 91
69 92
69 93
69 94
69 95
69 96
69 99
70 72
70 73
70 74
70 75
70 78
70 79
70 80
70 86
70 88
70 89
70 93
70 94
70 97
70 98
70 99
71 72
71 73
71 74
71 78
71 81
71 83
71 84
71 86
71 87
71 88
71 89
71 90
71 92
71 93
71 95
71 96
71 97
71 98
71 99
72 73
72 74
72 75
72 77
72 79
72 81
72 84
72 85
72 86
72 90
72 92
72 93
72 94
72 95
72 97
73 74
73 75
73 76
73 77
73 78
73 81
73 85
73 87
73 89
73 95
73 96
73 99
74 77
74 78
74 79
74 80
74 82
74 87
74 88
74 89
74 90
74 92
74 93
74 94
74 97
75 77
75 78
75 79
75 82
75 83
75 84
75 85
75 86
75 87
75 89
75 90
75 92
75 93
75 95
75 97
75 98
75 99
76 77
76 78
76 80
76 83
76 84
76 85
76 86
76 89
76 90
76 91
76 92
76 93
76 94
76 95
76 96
76 98
76 99
77 79
77 81
77 82
77 85
77 86
77 88
77 89
77 91
77 92
77 94
77 95
77 96
78 79
78 80
78 82
78 86
78 90
78 91
78 97
79 80
79 81
79 82
79 84
79 87
79 88
79 91
79 94
79 97
79 99
80 84
80 88
80 89
80 90
80 92
80 93
80 95
80 96
81 82
81 83
81 84
81 85
81 87
81 91
81 94
81 95
81 97
82 83
82 84
82 86
82 87
82 93
82 96
82 97
82 98
83 84
83 87
83 89
83 91
83 92
83 93
83 95
83 99
84 91
84 93
84 95
84 98
85 88
85 91
85 92
85 93
85 95
85 97
85 99
86 87
86 90
86 93
86 96
87 88
87 89
87 90
87 91
87 93
87 95
87 97
87 98
87 99
88 90
88 92
88 96
89 90
89 92
89 94
89 95
90 91
90 94
90 96
90 98
91 93
91 95
91 96
91 98
92 93
92 95
92 97
92 98
93 94
93 95
93 99
94 96
94 97
95 96
95 97
96 97
96 98
97 98
97 99