30
0 1
0 2
0 4
0 5
0 8
0 12
0 13
0 14
0 18
0 19
0 24
0 25
0 28
0 29
0 30
0 33
0 34
0 36
0 37
0 38
0 39
0 40
0 41
0 42
1 2
1 7
1 8
1 9
1 13
1 14
1 16
1 23
1 24
1 25
1 26
1 27
1 29
1 31
1 32
1 37
1 39
1 41
1 43
2 8
2 9
2 11
2 12
2 13
2 15
2 17
2 18
2 20
2 24
2 25
2 27
2 28
2 32
2 34
2 35
2 40
2 41
2 42
2 43
2 44
3 5
3 6
3 7
3 9
3 10
3 18
3 20
3 21
3 24
3 28
3 29
3 30
3 37
3 38
3 39
3 40
3 41
3 43
3 44
4 5
4 6
4 7
4 8
4 10
4 11
4 16
4 17
4 18
4 21
4 22
4 23
4 24
4 27
4 29
4 32
4 34
4 35
4 36
4 38
4 39
4 43
5 7
5 9
5 10
5 11
5 12
5 13
5 14
5 15
5 20
5 21
5 22
5 23
5 29
5 30
5 31
5 33
5 34
5 38
5 39
5 41
5 42
6 7
6 8
6 9
6 11
6 12
6 18
6 22
6 27
6 28
6 29
6 35
6 36
6 37
6 38
6 41
6 42
6 43
6 44
7 9
7 16
7 17
7 18
7 23
7 24
7 28
7 29
7 33
7 34
7 37
7 39
7 40
7 44
8 16
8 17
8 20
8 25
8 27
8 28
8 29
8 30
8 31
8 33
8 34
8 35
8 43
9 10
9 11
9 12
9 13
9 14
9 15
9 17
9 18
9 23
9 24
9 26
9 29
9 30
9 32
9 33
9 35
9 37
9 38
9 39
9 40
9 41
9 43
9 44
10 11
10 12
10 15
10 18
10 20
10 21
10 22
10 23
10 24
10 25
10 26
10 27
10 29
10 30
10 34
10 35
10 39
10 41
10 42
10 44
11 13
11 16
11 19
11 20
11 21
11 23
11 24
11 25
11 27
11 32
11 33
11 35
11 37
11 38
11 41
11 42
11 43
11 44
12 13
12 16
12 18
12 20
12 25
12 29
12 30
12 31
12 32
12 34
12 40
12 44
13 15
13 16
13 17
13 18
13 19
13 21
13 23
13 26
13 27
13 28
13 29
13 30
13 31
13 32
13 39
13 40
13 44
14 15
14 16
14 17
14 20
14 23
14 25
14 26
14 27
14 30
14 32
14 33
14 34
14 36
14 37
14 38
14 40
14 42
14 43
14 44
15 16
15 25
15 26
15 28
15 35
15 36
15 37
15 39
15 40
15 41
15 42
15 44
16 18
16 19
16 22
16 24
16 26
16 27
16 29
16 31
16 35
16 36
16 42
16 44
17 18
17 20
17 21
17 24
17 26
17 27
17 29
17 31
17 32
17 33
17 35
17 36
17 39
17 41
17 43
17 44
18 20
18 22
18 23
18 24
18 25
18 27
18 29
18 33
18 37
18 38
18 39
18 43
19 20
19 21
19 22
19 23
19 24
19 25
19 28
19 29
19 31
19 33
19 34
19 36
19 40
19 44
20 22
20 24
20 25
20 29
20 30
20 35
20 36
20 37
20 40
20 41
20 43
20 44
21 22
21 23
21 24
21 27
21 28
21 29
21 32
21 35
21 36
21 37
21 41
21 42
21 44
22 24
22 26
22 29
22 31
22 32
22 33
22 35
22 37
22 39
22 40
22 41
22 42
22 43
22 44
23 26
23 28
23 31
23 32
23 34
23 36
23 39
23 42
23 43
23 44
24 25
24 27
24 28
24 31
24 32
24 33
24 34
24 35
24 39
24 40
24 42
25 27
25 28
25 29
25 31
25 32
25 34
25 37
25 39
25 40
25 42
26 28
26 29
26 31
26 32
26 33
26 34
26 35
26 36
26 37
26 38
26 41
26 42
26 44
27 28
27 29
27 32
27 37
27 38
27 40
27 41
27 42
27 43
28 29
28 30
28 34
28 42
28 43
28 44
29 30
29 32
29 34
29 35
29 36
29 38
29 40
29 43
29 44
30 31
30 32
30 37
30 39
30 40
30 41
30 43
31 32
31 34
31 35
31 37
31 38
31 39
31 40
31 41
31 43
31 44
32 33
32 36
32 37
32 38
32 40
32 41
32 42
32 44
33 34
33 36
33 37
33 39
33 41
33 44
34 35
34 36
34 38
34 40
34 41
34 42
34 43
35 36
35 37
35 39
35 42
35 44
36 38
36 40
36 44
37 40
38 39
38 41
38 42
39 40
41 43
41 44
