15
0 6
0 8
0 10
0 11
0 12
0 13
0 14
0 17
0 19
0 23
0 25
0 29
0 31
0 33
0 34
0 35
0 39
0 42
0 44
1 2
1 4
1 6
1 8
1 9
1 10
1 11
1 15
1 17
1 24
1 29
1 35
1 36
1 39
1 40
1 41
1 43
2 5
2 6
2 9
2 10
2 13
2 15
2 17
2 20
2 21
2 22
2 24
2 27
2 29
2 32
2 35
2 37
2 40
2 41
2 42
3 8
3 14
3 15
3 17
3 18
3 19
3 20
3 21
3 23
3 24
3 26
3 29
3 33
3 35
3 36
3 38
3 39
3 40
3 43
3 44
4 6
4 8
4 10
4 13
4 16
4 17
4 19
4 22
4 23
4 24
4 25
4 31
4 33
4 36
4 37
4 39
4 41
5 6
5 10
5 12
5 14
5 18
5 19
5 21
5 29
5 34
5 36
5 38
5 39
5 41
5 42
5 43
6 7
6 9
6 11
6 13
6 14
6 16
6 19
6 20
6 23
6 26
6 29
6 30
6 32
6 33
6 34
6 38
6 39
6 41
6 43
6 44
7 8
7 9
7 10
7 11
7 15
7 16
7 17
7 18
7 20
7 24
7 26
7 27
7 32
7 33
7 34
7 35
7 36
7 37
7 39
7 42
8 9
8 11
8 14
8 16
8 17
8 20
8 21
8 22
8 26
8 30
8 32
8 34
8 36
8 40
8 41
9 13
9 15
9 16
9 17
9 19
9 20
9 21
9 22
9 23
9 26
9 27
9 28
9 30
9 31
9 32
9 33
9 35
9 36
9 38
9 40
9 42
9 43
10 11
10 12
10 13
10 15
10 16
10 17
10 19
10 24
10 30
10 31
10 32
10 33
10 34
10 36
10 38
10 41
10 44
11 12
11 13
11 14
11 15
11 16
11 18
11 20
11 21
11 22
11 23
11 24
11 25
11 26
11 27
11 30
11 33
11 34
11 36
11 37
11 38
11 40
11 41
11 42
11 43
11 44
12 13
12 18
12 30
12 31
12 35
12 37
12 39
12 40
13 14
13 15
13 17
13 18
13 23
13 25
13 27
13 28
13 29
13 30
13 31
13 34
13 37
13 39
13 40
13 41
13 42
13 43
13 44
14 18
14 19
14 20
14 21
14 23
14 24
14 28
14 30
14 33
14 34
14 35
14 40
14 41
14 42
14 44
15 17
15 18
15 19
15 22
15 25
15 26
15 29
15 31
15 32
15 36
15 38
15 40
15 42
15 44
16 20
16 22
16 23
16 25
16 26
16 27
16 28
16 29
16 30
16 31
16 35
16 37
16 41
17 18
17 19
17 21
17 24
17 27
17 30
17 34
17 38
17 43
18 19
18 22
18 23
18 25
18 26
18 27
18 28
18 29
18 30
18 31
18 32
18 33
18 36
18 38
18 39
18 40
18 41
18 44
19 20
19 21
19 22
19 23
19 26
19 28
19 33
19 34
19 35
19 36
19 37
19 38
19 39
19 40
19 44
20 21
20 22
20 25
20 27
20 28
20 30
20 34
20 36
20 38
20 39
20 40
20 41
20 43
20 44
21 22
21 23
21 24
21 26
21 27
21 28
21 32
21 33
21 35
21 37
21 39
21 42
21 43
21 44
22 23
22 26
22 32
22 33
22 35
22 40
22 44
23 24
23 30
23 31
23 32
23 37
23 38
23 39
23 42
23 43
24 26
24 29
24 31
24 33
24 36
24 37
24 38
24 39
24 41
24 42
25 26
25 30
25 32
25 36
25 37
25 42
25 43
25 44
26 29
26 30
26 33
26 35
26 36
26 38
26 41
26 42
27 30
27 33
27 39
27 40
27 42
28 30
28 32
28 34
28 35
28 38
28 41
28 42
29 30
29 34
29 36
29 38
29 39
29 44
30 34
30 35
30 38
30 39
30 43
31 33
31 34
31 36
31 38
31 41
31 44
32 35
32 36
32 39
32 40
32 42
32 44
33 34
33 36
33 39
33 41
33 42
33 43
33 44
34 35
34 36
34 38
34 40
34 41
34 43
34 44
35 36
35 37
35 38
35 43
35 44
36 38
36 39
36 40
36 42
36 43
37 38
37 39
37 40
37 41
38 39
38 42
38 44
39 43
40 42
41 42
41 43
41 44
42 44
