18
0 3
0 5
0 6
0 8
0 9
0 10
0 11
0 13
0 14
0 16
0 19
0 20
0 22
0 23
0 25
0 28
0 32
0 33
1 3
1 4
1 8
1 11
1 12
1 14
1 18
1 19
1 23
1 27
1 29
1 30
1 31
1 32
1 33
2 4
2 6
2 7
2 8
2 9
2 11
2 14
2 15
2 17
2 19
2 20
2 23
2 24
2 25
2 26
2 29
2 30
2 31
2 34
3 5
3 10
3 11
3 19
3 20
3 21
3 22
3 23
3 24
3 26
3 27
3 30
3 31
3 32
3 33
3 34
4 5
4 6
4 7
4 10
4 17
4 19
4 21
4 23
4 24
4 27
4 28
4 29
4 32
4 34
5 6
5 7
5 8
5 9
5 10
5 11
5 12
5 15
5 16
5 17
5 18
5 19
5 23
5 27
5 29
5 30
5 34
6 8
6 9
6 10
6 11
6 13
6 15
6 20
6 21
6 23
6 25
6 28
6 29
6 33
6 34
7 9
7 10
7 11
7 13
7 14
7 15
7 17
7 19
7 20
7 22
7 23
7 26
7 27
7 28
7 31
8 9
8 12
8 21
8 22
8 23
8 25
8 26
8 32
8 34
9 10
9 11
9 13
9 14
9 16
9 17
9 20
9 21
9 24
9 25
9 28
9 29
9 30
10 15
10 16
10 18
10 19
10 20
10 21
10 22
10 30
10 32
11 13
11 14
11 15
11 16
11 19
11 21
11 22
11 24
11 25
11 29
11 30
11 33
11 34
12 14
12 16
12 17
12 18
12 19
12 20
12 21
12 23
12 24
12 27
12 30
12 31
12 33
12 34
13 14
13 15
13 17
13 19
13 20
13 22
13 23
13 26
13 27
13 28
13 29
13 30
13 31
13 34
14 15
14 16
14 18
14 20
14 21
14 22
14 24
14 26
14 27
14 30
15 23
15 25
15 27
15 32
15 33
16 17
16 21
16 22
16 23
16 25
16 27
16 29
17 18
17 19
17 21
17 22
17 24
17 27
17 29
17 30
17 31
17 32
17 34
18 20
18 21
18 23
18 24
18 26
18 27
18 29
18 31
18 32
18 34
19 23
19 24
19 25
19 31
19 33
20 21
20 24
20 26
20 28
20 30
20 32
20 34
21 22
21 23
21 27
21 28
21 30
21 31
21 32
21 33
21 34
22 23
22 27
22 30
22 32
22 34
23 24
23 25
23 26
23 27
23 33
24 27
24 28
24 32
24 34
25 26
25 27
25 28
25 29
25 32
26 28
26 31
26 32
26 34
27 28
27 31
27 32
28 29
28 31
28 32
28 33
29 30
29 31
29 32
29 33
29 34
30 31
30 32
30 34
31 34
32 34
33 34
