5
0 1
0 6
0 9
0 11
0 12
0 13
0 16
0 17
0 18
0 19
0 20
0 21
0 23
0 26
0 27
0 29
0 32
0 33
0 35
0 36
0 38
0 40
0 41
0 43
0 44
1 2
1 3
1 4
1 6
1 10
1 13
1 18
1 19
1 20
1 21
1 22
1 24
1 26
1 29
1 31
1 32
1 33
1 36
1 37
1 38
1 41
2 5
2 7
2 9
2 10
2 14
2 15
2 16
2 19
2 21
2 22
2 25
2 26
2 27
2 28
2 29
2 31
2 34
2 36
2 39
2 40
2 43
2 44
3 4
3 5
3 6
3 7
3 8
3 10
3 11
3 12
3 13
3 14
3 15
3 16
3 19
3 20
3 21
3 26
3 27
3 28
3 29
3 31
3 34
3 35
3 39
3 43
4 5
4 7
4 8
4 10
4 11
4 12
4 13
4 15
4 16
4 17
4 25
4 26
4 27
4 28
4 30
4 33
4 36
4 41
4 43
4 44
5 8
5 9
5 13
5 14
5 16
5 17
5 18
5 19
5 22
5 23
5 24
5 28
5 29
5 32
5 35
5 36
5 41
5 42
5 43
5 44
6 7
6 8
6 9
6 10
6 11
6 12
6 17
6 20
6 23
6 24
6 29
6 32
6 33
6 34
6 35
6 37
6 38
6 40
6 42
6 43
6 44
7 10
7 11
7 12
7 13
7 14
7 15
7 16
7 19
7 20
7 23
7 24
7 25
7 27
7 28
7 31
7 33
7 35
7 36
7 37
7 38
7 39
7 40
7 41
7 43
7 44
8 9
8 10
8 12
8 14
8 15
8 16
8 17
8 23
8 25
8 26
8 28
8 29
8 32
8 36
8 37
8 39
8 40
8 43
8 44
9 11
9 15
9 16
9 18
9 22
9 23
9 25
9 26
9 27
9 28
9 30
9 32
9 38
9 39
9 41
9 44
10 12
10 13
10 14
10 17
10 19
10 20
10 21
10 23
10 24
10 25
10 26
10 28
10 29
10 30
10 31
10 33
10 34
10 35
10 38
10 41
10 43
10 44
11 13
11 15
11 16
11 18
11 20
11 21
11 22
11 23
11 27
11 28
11 29
11 31
11 32
11 33
11 34
11 39
12 17
12 23
12 25
12 26
12 29
12 30
12 31
12 33
12 34
12 35
12 38
12 41
12 42
12 44
13 14
13 15
13 18
13 19
13 20
13 26
13 27
13 28
13 29
13 32
13 33
13 35
13 38
13 40
13 43
14 20
14 21
14 25
14 26
14 29
14 30
14 32
14 33
14 37
14 38
14 42
14 43
15 17
15 18
15 20
15 22
15 27
15 28
15 29
15 30
15 32
15 34
15 35
15 36
15 38
15 39
15 40
15 41
15 42
16 17
16 18
16 21
16 23
16 25
16 26
16 28
16 29
16 30
16 31
16 33
16 35
16 36
16 37
16 38
16 39
16 40
16 41
16 42
16 43
16 44
17 20
17 22
17 23
17 24
17 27
17 29
17 30
17 31
17 32
17 35
17 37
17 38
17 40
17 42
17 43
17 44
18 22
18 23
18 26
18 27
18 30
18 33
18 37
18 38
19 22
19 24
19 29
19 32
19 33
19 34
19 35
19 36
19 40
19 44
20 24
20 25
20 27
20 29
20 31
20 33
20 34
20 36
20 37
20 39
20 40
20 41
20 42
20 44
21 22
21 23
21 27
21 28
21 30
21 32
21 33
21 34
21 40
21 41
21 44
22 23
22 26
22 31
22 35
22 37
22 43
23 29
23 35
23 36
23 37
23 39
24 25
24 27
24 29
24 30
24 31
24 33
24 35
24 37
24 39
24 40
24 41
24 43
25 27
25 28
25 29
25 31
25 33
25 39
25 40
25 42
25 43
25 44
26 28
26 29
26 30
26 35
26 37
26 39
27 28
27 29
27 30
27 31
27 32
27 33
27 38
27 39
27 40
27 41
27 42
27 43
27 44
28 29
28 30
28 31
28 33
28 34
28 35
28 36
28 38
28 41
28 42
28 43
29 30
29 31
29 32
29 33
29 34
29 36
29 37
29 41
29 43
30 33
30 34
30 36
30 39
30 40
30 41
30 43
30 44
31 36
31 42
32 33
32 34
32 35
32 37
32 38
32 39
32 40
32 44
33 38
33 40
33 42
33 44
34 39
34 40
34 41
35 41
35 43
35 44
36 37
37 39
37 41
38 40
38 41
38 42
38 44
39 40
39 43
40 43
41 43
43 44
