38
0 4
0 7
0 8
0 10
0 13
0 14
0 16
0 23
0 24
0 26
0 28
0 29
0 30
0 31
0 34
0 35
0 37
0 40
0 41
0 42
0 43
0 44
1 2
1 4
1 5
1 15
1 16
1 20
1 21
1 26
1 27
1 28
1 29
1 32
1 35
1 36
1 37
1 38
1 43
2 3
2 9
2 10
2 15
2 16
2 21
2 23
2 24
2 25
2 26
2 30
2 33
2 34
2 35
2 37
2 38
2 39
2 40
2 41
2 42
2 44
3 4
3 8
3 15
3 17
3 19
3 22
3 23
3 24
3 25
3 27
3 28
3 30
3 32
3 34
3 37
3 38
3 39
3 40
3 42
3 43
4 6
4 7
4 9
4 10
4 13
4 14
4 15
4 17
4 18
4 19
4 20
4 21
4 23
4 24
4 26
4 27
4 30
4 31
4 32
4 33
4 36
4 37
4 38
4 40
4 41
4 42
4 43
5 6
5 7
5 9
5 11
5 12
5 15
5 20
5 21
5 24
5 26
5 27
5 28
5 29
5 31
5 34
5 35
5 36
5 40
5 43
6 9
6 10
6 11
6 13
6 14
6 16
6 18
6 20
6 22
6 29
6 30
6 38
6 40
6 41
6 43
7 10
7 11
7 14
7 16
7 17
7 18
7 19
7 20
7 22
7 24
7 25
7 27
7 28
7 30
7 31
7 35
7 36
7 38
7 40
7 41
7 42
7 43
7 44
8 18
8 19
8 28
8 31
8 32
8 34
8 36
8 38
8 40
8 42
8 43
9 10
9 11
9 12
9 17
9 20
9 22
9 25
9 27
9 28
9 30
9 32
9 34
9 35
9 36
9 37
9 40
9 42
10 12
10 13
10 14
10 15
10 17
10 19
10 20
10 24
10 25
10 26
10 27
10 30
10 31
10 33
10 34
10 35
10 41
10 42
10 43
11 15
11 16
11 18
11 21
11 23
11 24
11 25
11 28
11 29
11 30
11 31
11 34
11 39
11 40
12 14
12 15
12 17
12 18
12 19
12 24
12 26
12 28
12 30
12 31
12 35
12 36
12 41
12 44
13 16
13 19
13 21
13 23
13 24
13 27
13 29
13 31
13 34
13 38
13 39
13 40
13 41
13 42
13 43
14 18
14 19
14 20
14 22
14 24
14 25
14 26
14 30
14 31
14 32
14 35
14 37
14 39
14 42
14 43
14 44
15 16
15 17
15 18
15 21
15 26
15 27
15 28
15 30
15 34
15 36
15 38
15 42
16 18
16 19
16 20
16 21
16 22
16 23
16 24
16 25
16 26
16 28
16 30
16 31
16 35
16 38
16 40
16 41
16 43
16 44
17 21
17 23
17 27
17 28
17 30
17 34
17 38
17 40
17 41
17 42
17 43
17 44
18 19
18 20
18 21
18 22
18 23
18 24
18 25
18 26
18 28
18 30
18 32
18 33
18 36
18 38
18 39
18 40
18 42
18 43
19 20
19 22
19 23
19 25
19 26
19 27
19 28
19 31
19 33
19 34
19 35
19 36
19 37
19 38
19 44
20 21
20 23
20 24
20 26
20 27
20 31
20 32
20 37
20 39
20 43
21 25
21 26
21 28
21 29
21 31
21 32
21 35
21 36
21 38
21 39
21 40
21 43
21 44
22 23
22 28
22 29
22 30
22 31
22 34
22 35
22 36
22 38
22 39
22 40
22 41
22 42
22 43
23 25
23 28
23 30
23 33
23 36
23 37
23 38
23 44
24 26
24 28
24 29
24 31
24 32
24 34
24 35
24 36
24 37
24 38
24 39
24 44
25 26
25 27
25 32
25 34
25 35
25 37
25 38
25 40
25 42
26 27
26 28
26 29
26 30
26 31
26 35
26 41
26 43
26 44
27 29
27 31
27 32
27 33
27 35
27 36
27 37
27 39
27 40
27 43
28 31
28 32
28 33
28 34
28 35
28 37
28 39
28 41
28 43
29 30
29 31
29 32
29 36
29 37
29 38
29 39
29 40
29 41
29 42
30 31
30 32
30 35
30 36
30 37
30 38
30 39
30 40
30 41
30 43
30 44
31 36
31 37
31 38
32 34
32 36
32 37
32 38
32 39
32 42
32 44
33 34
33 40
33 42
33 43
34 37
34 39
34 42
34 44
35 36
35 38
35 43
35 44
36 37
36 38
36 39
36 41
36 42
36 43
37 38
37 41
37 42
37 44
38 40
38 41
38 42
39 40
39 43
40 42
40 43
41 42
41 44
42 44
43 44
