30
0 3
0 6
0 10
0 13
0 14
0 16
0 17
0 18
0 19
0 20
0 23
0 24
0 25
0 27
0 30
0 33
1 3
1 7
1 8
1 10
1 11
1 12
1 14
1 17
1 18
1 20
1 21
1 24
1 25
1 27
1 28
1 29
1 32
1 33
2 5
2 6
2 7
2 8
2 9
2 11
2 13
2 19
2 24
2 25
2 27
2 28
2 29
2 32
3 4
3 6
3 7
3 10
3 11
3 12
3 14
3 15
3 16
3 18
3 19
3 20
3 21
3 22
3 23
3 24
3 26
3 27
3 28
4 5
4 6
4 7
4 10
4 11
4 12
4 13
4 14
4 15
4 16
4 18
4 19
4 20
4 22
4 25
4 27
4 28
4 29
4 31
4 32
4 33
5 7
5 9
5 11
5 12
5 14
5 15
5 17
5 18
5 20
5 21
5 23
5 24
5 26
5 28
5 29
5 30
5 33
5 34
6 10
6 12
6 15
6 19
6 20
6 24
6 26
6 29
6 30
6 33
7 8
7 9
7 10
7 11
7 12
7 14
7 15
7 18
7 19
7 20
7 22
7 23
7 25
7 26
7 29
7 30
7 33
8 9
8 10
8 15
8 17
8 19
8 20
8 21
8 24
8 25
8 26
8 28
8 29
8 30
9 12
9 14
9 18
9 19
9 24
9 25
9 26
9 28
9 31
9 33
9 34
10 13
10 15
10 16
10 22
10 24
10 26
10 28
10 29
10 31
10 33
11 13
11 14
11 15
11 16
11 17
11 21
11 23
11 27
11 30
11 31
11 32
11 33
12 15
12 16
12 17
12 19
12 22
12 26
12 29
12 31
12 33
13 15
13 16
13 19
13 20
13 21
13 22
13 25
13 28
13 29
13 30
13 33
13 34
14 15
14 18
14 19
14 20
14 21
14 25
14 30
14 31
14 33
14 34
15 16
15 18
15 20
15 21
15 22
15 25
15 27
15 29
15 32
15 33
16 18
16 20
16 27
16 29
16 30
16 31
16 32
16 34
17 20
17 21
17 23
17 24
17 29
17 31
17 32
17 34
18 22
18 25
18 28
18 30
18 31
18 33
19 20
19 22
19 24
19 29
19 30
19 32
19 33
19 34
20 21
20 22
20 26
20 30
20 31
21 24
21 27
21 29
21 32
22 23
22 24
22 27
22 28
22 29
22 32
22 33
22 34
23 24
23 25
23 26
23 29
23 30
23 32
23 33
24 27
24 29
24 30
24 32
24 33
24 34
25 26
25 28
25 34
26 27
26 28
26 29
26 30
26 33
26 34
27 28
27 31
27 32
27 34
28 31
28 32
29 30
29 31
29 34
30 32
32 33
32 34
