3
0 1
0 2
0 5
0 8
0 10
0 12
0 13
0 15
0 17
1 2
1 3
1 10
1 12
1 13
1 14
1 15
1 17
2 3
2 5
2 6
2 7
2 9
2 11
2 12
2 14
2 15
2 19
3 5
3 7
3 8
3 10
3 11
3 12
3 13
3 14
3 15
4 7
4 8
4 12
4 14
4 15
4 16
4 17
4 18
4 19
5 6
5 7
5 8
5 9
5 10
5 12
5 13
5 14
5 15
5 19
6 7
6 8
6 10
6 12
6 13
6 14
6 16
7 8
7 9
7 11
7 12
7 13
7 15
7 16
7 18
7 19
8 12
8 13
8 14
8 16
8 17
9 11
9 13
9 14
9 15
9 16
9 18
9 19
10 11
10 13
10 15
10 18
10 19
11 13
11 18
12 13
12 15
12 17
12 19
13 14
13 15
13 16
13 17
13 18
14 15
14 18
15 17
15 19
16 18
16 19
17 18
17 19
18 19
