20
0 1
0 2
0 3
0 8
0 11
0 12
0 13
0 14
0 15
0 18
0 31
1 4
1 5
1 6
1 7
1 8
1 10
1 13
1 18
1 19
1 20
1 21
1 23
1 26
1 28
1 29
2 4
2 6
2 7
2 8
2 9
2 15
2 16
2 17
2 18
2 25
2 27
2 32
3 4
3 8
3 11
3 15
3 16
3 17
3 20
3 25
3 31
3 32
4 6
4 7
4 9
4 14
4 15
4 17
4 19
4 20
4 23
4 26
4 32
5 6
5 7
5 10
5 12
5 13
5 14
5 15
5 16
5 18
5 19
5 20
5 22
5 24
5 26
5 27
5 32
6 7
6 8
6 9
6 10
6 12
6 15
6 17
6 19
6 23
6 24
6 26
6 27
6 28
6 29
6 31
7 10
7 11
7 12
7 17
7 18
7 19
7 23
7 26
7 27
7 30
7 32
8 10
8 11
8 12
8 13
8 15
8 20
8 23
8 30
8 31
9 11
9 14
9 17
9 19
9 20
9 21
9 22
9 23
9 25
9 26
9 28
9 29
9 31
10 11
10 13
10 14
10 20
10 21
10 23
10 24
10 25
10 27
10 28
10 30
10 31
11 12
11 14
11 16
11 17
11 18
11 19
11 23
11 25
11 26
11 29
11 30
12 13
12 14
12 15
12 17
12 18
12 19
12 21
12 22
12 23
12 26
12 27
12 28
12 30
12 32
13 14
13 18
13 19
13 20
13 21
13 23
13 24
13 27
13 28
13 31
13 32
14 15
14 16
14 18
14 27
14 29
14 30
15 17
15 20
15 21
15 23
15 28
15 32
16 17
16 21
16 23
16 26
16 27
16 30
17 22
17 24
17 28
17 29
17 30
17 32
18 19
18 20
18 23
18 24
18 25
18 27
18 29
18 32
19 20
19 21
19 22
19 25
19 26
19 27
19 29
19 30
19 31
20 21
20 23
21 22
21 23
21 29
21 30
21 31
21 32
22 23
22 28
22 29
22 31
23 26
23 28
23 29
23 31
23 32
24 26
24 28
24 31
25 27
25 29
25 30
25 31
25 32
26 32
27 28
27 29
27 32
28 32
29 31
29 32