20
0 1
0 2
0 3
0 4
0 6
0 9
0 10
0 11
0 14
0 16
0 17
0 19
0 25
0 27
0 28
0 30
0 32
0 33
0 35
0 36
0 37
0 39
0 40
0 41
0 43
0 44
0 45
0 48
0 49
0 51
0 52
0 53
1 2
1 4
1 6
1 9
1 14
1 15
1 21
1 22
1 24
1 27
1 28
1 32
1 33
1 39
1 40
1 41
1 43
1 45
1 46
1 47
1 48
1 49
1 52
2 6
2 7
2 8
2 9
2 11
2 13
2 14
2 16
2 22
2 26
2 27
2 33
2 35
2 36
2 37
2 38
2 41
2 42
2 43
2 45
2 47
2 49
2 52
2 53
3 5
3 8
3 12
3 15
3 16
3 17
3 19
3 21
3 23
3 25
3 29
3 30
3 32
3 36
3 37
3 38
3 39
3 40
3 41
3 42
3 43
3 47
3 48
4 5
4 6
4 7
4 9
4 15
4 16
4 19
4 20
4 22
4 23
4 24
4 26
4 28
4 30
4 31
4 34
4 35
4 36
4 37
4 39
4 45
4 46
4 47
4 48
4 50
4 51
4 52
4 53
5 8
5 9
5 10
5 12
5 14
5 17
5 19
5 21
5 22
5 23
5 24
5 27
5 31
5 33
5 39
5 41
5 42
5 43
5 48
5 49
5 52
5 53
6 7
6 9
6 15
6 18
6 20
6 22
6 23
6 26
6 27
6 29
6 30
6 35
6 39
6 43
6 44
6 45
6 46
6 47
6 48
6 50
7 8
7 9
7 11
7 12
7 13
7 15
7 17
7 18
7 37
7 39
7 40
7 41
7 42
7 47
7 51
7 52
8 11
8 14
8 18
8 19
8 25
8 28
8 30
8 32
8 33
8 34
8 36
8 38
8 40
8 41
8 42
8 43
8 45
8 46
8 49
8 53
9 10
9 11
9 12
9 21
9 22
9 23
9 24
9 25
9 26
9 28
9 29
9 31
9 36
9 38
9 40
9 41
9 43
9 47
9 48
10 12
10 15
10 16
10 18
10 21
10 23
10 27
10 29
10 30
10 33
10 34
10 35
10 36
10 37
10 41
10 43
10 47
10 48
10 50
11 15
11 22
11 23
11 30
11 31
11 33
11 34
11 35
11 37
11 38
11 40
11 41
11 45
11 46
11 47
11 49
11 53
12 17
12 21
12 22
12 27
12 28
12 29
12 30
12 31
12 33
12 43
12 48
12 49
12 50
12 52
12 53
13 14
13 15
13 19
13 20
13 22
13 24
13 25
13 26
13 27
13 28
13 31
13 35
13 37
13 40
13 42
13 43
13 46
13 48
13 51
13 52
14 18
14 23
14 36
14 37
14 39
14 41
14 44
14 47
14 48
14 49
14 50
14 53
15 17
15 19
15 23
15 24
15 26
15 27
15 29
15 31
15 32
15 33
15 34
15 39
15 44
15 47
15 50
15 51
16 17
16 28
16 31
16 33
16 34
16 38
16 40
16 48
16 49
16 50
16 53
17 19
17 20
17 21
17 22
17 23
17 28
17 29
17 32
17 33
17 34
17 35
17 36
17 37
17 38
17 40
17 41
17 44
17 46
17 49
17 50
17 51
17 52
17 53
18 21
18 22
18 23
18 26
18 27
18 32
18 33
18 36
18 38
18 39
18 41
18 42
18 43
18 44
18 46
18 50
18 51
19 20
19 21
19 22
19 28
19 29
19 31
19 33
19 35
19 36
19 38
19 40
19 41
19 42
19 44
19 47
19 49
19 51
19 53
20 21
20 23
20 24
20 27
20 29
20 30
20 31
20 32
20 35
20 37
20 38
20 40
20 41
20 48
20 49
20 51
20 53
21 25
21 27
21 28
21 29
21 31
21 32
21 33
21 34
21 35
21 38
21 40
21 41
21 47
21 48
21 49
21 51
21 53
22 27
22 28
22 34
22 37
22 44
22 45
22 46
22 48
22 49
22 50
22 51
23 25
23 26
23 27
23 28
23 30
23 32
23 33
23 34
23 35
23 37
23 38
23 40
23 43
23 44
24 29
24 30
24 31
24 36
24 37
24 38
24 46
24 49
24 51
24 53
25 31
25 32
25 33
25 34
25 36
25 38
25 40
25 41
25 44
25 46
25 48
25 49
25 50
25 51
25 52
25 53
26 27
26 29
26 30
26 36
26 37
26 38
26 39
26 46
26 47
26 49
26 50
26 51
26 52
27 28
27 29
27 31
27 36
27 37
27 40
27 41
27 46
27 48
27 49
27 50
27 52
28 30
28 32
28 36
28 39
28 41
28 45
28 46
28 49
28 51
28 52
29 33
29 36
29 37
29 38
29 40
29 41
29 42
29 43
29 46
29 48
29 50
29 53
30 32
30 33
30 34
30 35
30 38
30 39
30 40
30 42
30 44
30 45
30 48
30 49
30 50
31 32
31 33
31 36
31 37
31 41
31 42
31 45
31 46
31 48
31 50
31 51
32 35
32 40
32 42
32 45
32 46
32 47
32 48
32 50
32 52
32 53
33 34
33 36
33 40
33 42
33 43
33 48
33 49
33 52
34 35
34 39
34 43
34 45
34 46
34 47
34 48
34 50
34 52
35 36
35 39
35 40
35 41
35 42
35 45
35 49
35 50
35 52
35 53
36 44
36 45
36 47
36 48
36 49
36 50
36 51
37 38
37 40
37 42
37 43
37 45
37 46
37 47
37 48
37 49
37 51
38 42
38 44
38 47
38 49
38 50
38 51
38 53
39 41
39 44
39 46
39 47
39 48
39 50
39 52
39 53
40 41
40 44
40 48
40 49
40 50
40 53
41 43
41 44
41 46
41 47
41 48
41 50
42 45
42 49
42 51
42 52
42 53
43 44
43 46
43 49
43 52
44 46
44 47
44 48
44 49
44 50
44 52
45 46
45 48
45 53
46 47
46 51
46 52
46 53
47 48
47 49
47 52
48 49
48 51
48 53
49 51
49 53
50 53
51 52