15
0 1
0 2
0 3
0 5
0 6
0 7
0 8
0 9
0 12
0 13
0 14
0 23
0 24
0 25
0 28
0 29
0 30
0 35
0 38
0 39
1 2
1 3
1 5
1 10
1 11
1 14
1 17
1 18
1 19
1 27
1 33
1 38
2 3
2 4
2 9
2 10
2 16
2 18
2 19
2 20
2 21
2 22
2 24
2 25
2 27
2 28
2 29
2 30
2 31
2 34
2 35
2 38
2 39
3 5
3 7
3 9
3 11
3 12
3 13
3 14
3 15
3 17
3 19
3 20
3 21
3 24
3 25
3 26
3 27
3 28
3 33
3 35
3 36
3 37
4 8
4 9
4 12
4 15
4 17
4 21
4 22
4 23
4 26
4 27
4 29
4 30
4 33
4 34
4 35
4 36
4 37
4 38
5 7
5 8
5 12
5 13
5 16
5 17
5 20
5 21
5 24
5 27
5 30
5 33
5 35
5 37
5 38
6 7
6 10
6 12
6 13
6 19
6 21
6 22
6 26
6 27
6 29
6 31
6 34
6 36
6 37
6 38
6 39
7 8
7 12
7 14
7 15
7 18
7 19
7 21
7 23
7 25
7 26
7 28
7 31
7 32
7 33
8 9
8 10
8 13
8 16
8 18
8 19
8 20
8 22
8 23
8 24
8 29
8 32
8 33
8 34
8 35
8 36
8 38
8 39
9 10
9 12
9 14
9 15
9 16
9 17
9 22
9 24
9 25
9 26
9 31
9 33
9 34
9 35
9 36
9 38
10 13
10 14
10 15
10 16
10 17
10 21
10 23
10 24
10 29
10 31
10 32
10 33
10 35
10 38
11 12
11 14
11 16
11 17
11 18
11 19
11 21
11 22
11 24
11 25
11 27
11 34
11 35
11 37
12 14
12 15
12 16
12 17
12 18
12 19
12 23
12 28
12 30
12 31
12 32
12 33
12 34
12 35
13 17
13 18
13 21
13 22
13 24
13 26
13 27
13 30
13 32
13 33
14 15
14 16
14 18
14 19
14 22
14 23
14 26
14 28
14 32
14 34
14 35
14 39
15 17
15 18
15 20
15 21
15 22
15 24
15 27
15 30
15 34
15 35
15 36
15 37
16 17
16 19
16 21
16 22
16 23
16 24
16 25
16 27
16 29
16 32
16 35
16 38
16 39
17 19
17 20
17 21
17 24
17 25
17 26
17 29
17 31
17 36
17 37
18 19
18 20
18 22
18 26
18 27
18 28
18 30
18 32
18 34
18 36
18 37
18 38
18 39
19 20
19 21
19 23
19 24
19 25
19 26
19 27
19 28
19 30
19 31
19 32
19 33
19 35
19 36
19 38
19 39
20 21
20 22
20 23
20 25
20 27
20 28
20 30
20 31
20 35
20 38
21 22
21 23
21 24
21 26
21 29
21 30
21 31
21 34
21 38
22 24
22 25
22 26
22 31
22 34
22 35
22 36
22 38
22 39
23 24
23 25
23 26
23 27
23 28
23 31
23 37
23 38
24 25
24 27
24 28
24 29
24 30
24 31
24 33
24 35
24 36
25 27
25 29
25 30
25 31
25 32
25 33
25 35
25 39
26 29
26 30
26 34
26 35
26 36
26 38
27 29
27 30
27 32
27 34
27 36
27 38
27 39
28 30
28 31
28 33
28 34
28 37
28 38
28 39
29 30
29 32
29 33
29 34
29 36
29 38
30 31
30 33
30 34
30 35
30 39
31 33
31 34
31 35
31 38
31 39
32 34
32 35
32 36
32 38
32 39
33 34
33 36
33 37
33 39
34 35
34 37
34 38
35 38
35 39
36 39
37 39
38 39