13
0 4
0 6
0 7
0 8
0 9
0 10
0 12
0 14
0 15
0 17
0 18
0 20
0 22
0 23
0 26
1 4
1 6
1 7
1 9
1 12
1 14
1 18
1 19
1 22
1 26
2 5
2 6
2 9
2 12
2 14
2 15
2 16
2 20
2 23
2 25
2 26
3 5
3 6
3 9
3 12
3 14
3 15
3 17
3 18
3 19
3 22
3 23
3 24
4 5
4 6
4 8
4 9
4 10
4 11
4 13
4 14
4 16
4 19
4 20
4 23
4 24
4 25
5 6
5 7
5 8
5 9
5 10
5 11
5 12
5 13
5 15
5 16
5 17
5 18
5 19
5 20
5 23
6 7
6 10
6 11
6 12
6 13
6 17
6 19
6 25
7 9
7 10
7 16
7 17
7 20
7 21
7 26
8 12
8 13
8 15
8 16
8 20
8 23
8 24
8 26
9 10
9 11
9 12
9 13
9 14
9 16
9 17
9 18
9 19
9 20
9 21
9 23
9 26
10 14
10 20
10 21
10 23
10 26
11 12
11 13
11 17
11 18
11 19
11 23
11 24
11 25
12 16
12 18
12 22
12 23
12 24
12 26
13 15
13 16
13 18
13 19
13 20
13 22
14 17
14 18
14 21
14 23
14 24
14 25
15 17
15 18
15 19
15 20
15 24
16 18
16 19
16 20
16 24
16 25
17 18
17 22
17 23
17 24
18 19
18 20
18 21
18 25
18 26
19 22
19 23
19 24
19 25
20 22
20 24
20 25
20 26
21 22
21 23
21 24
21 25
22 23
22 26
23 26
24 25
24 26
25 26