15
0 1
0 5
0 6
0 12
0 15
0 17
0 18
0 19
0 25
0 30
0 31
1 5
1 11
1 14
1 15
1 17
1 18
1 19
1 20
1 21
1 22
1 26
1 27
1 28
1 30
2 3
2 4
2 5
2 7
2 11
2 12
2 13
2 14
2 15
2 16
2 18
2 20
2 21
2 23
2 25
2 26
2 27
2 31
3 4
3 6
3 7
3 11
3 13
3 17
3 18
3 20
3 27
3 30
4 5
4 6
4 7
4 8
4 10
4 15
4 16
4 19
4 20
4 21
4 22
4 23
4 24
4 27
4 28
4 29
4 31
5 6
5 7
5 8
5 9
5 10
5 12
5 13
5 14
5 17
5 18
5 22
5 23
5 25
5 26
5 30
5 31
6 12
6 13
6 14
6 15
6 17
6 19
6 23
6 25
6 26
6 27
6 30
7 9
7 10
7 13
7 14
7 20
7 21
7 22
7 24
7 26
8 10
8 12
8 13
8 14
8 15
8 16
8 17
8 19
8 20
8 21
8 22
8 26
8 27
8 31
9 13
9 16
9 17
9 22
9 23
9 24
9 25
9 29
9 30
10 11
10 13
10 17
10 19
10 22
10 23
10 24
10 29
10 30
10 31
11 13
11 14
11 15
11 16
11 19
11 25
11 26
11 27
11 28
11 29
11 30
11 31
12 15
12 16
12 18
12 19
12 20
12 23
12 24
12 27
12 28
12 29
12 30
13 16
13 20
13 21
13 24
13 26
13 27
13 29
13 30
13 31
14 15
14 16
14 19
14 20
14 21
14 22
14 28
14 29
14 31
15 16
15 17
15 18
15 22
15 24
15 25
15 26
15 27
15 31
16 17
16 18
16 22
16 24
16 28
16 29
16 30
17 19
17 21
17 22
17 24
17 25
17 27
17 30
17 31
18 21
18 26
18 29
19 20
19 21
19 22
19 26
19 27
19 28
19 29
19 30
19 31
20 23
20 26
20 27
20 29
20 30
21 23
21 24
21 26
21 27
21 28
21 29
21 31
23 26
23 30
24 25
24 26
24 28
24 29
24 30
25 29
26 28
26 30
27 28
27 31
28 29