9
0 1
0 2
0 4
0 6
0 7
0 8
0 9
0 10
0 13
0 15
0 17
0 18
0 19
0 20
0 21
0 24
0 27
0 32
1 3
1 6
1 7
1 8
1 9
1 10
1 14
1 16
1 17
1 19
1 21
1 22
1 23
1 24
1 27
1 28
1 30
1 31
1 32
2 5
2 6
2 10
2 11
2 14
2 16
2 17
2 21
2 23
2 27
2 28
2 29
2 31
3 5
3 7
3 8
3 9
3 11
3 14
3 15
3 16
3 21
3 22
3 26
3 29
3 32
4 5
4 6
4 9
4 12
4 16
4 20
4 21
4 22
4 24
4 27
4 28
5 8
5 9
5 12
5 13
5 14
5 15
5 16
5 21
5 22
5 23
5 24
5 26
5 27
5 28
5 30
5 31
5 32
6 7
6 8
6 10
6 13
6 14
6 15
6 17
6 19
6 21
6 24
6 25
6 26
6 29
6 31
7 9
7 10
7 13
7 15
7 21
7 23
7 26
7 27
7 28
7 32
8 10
8 11
8 15
8 16
8 18
8 20
8 22
8 23
8 24
8 25
8 29
8 30
9 12
9 19
9 20
9 23
10 11
10 12
10 16
10 18
10 21
10 22
10 24
11 14
11 17
11 19
11 20
11 21
11 23
11 24
11 30
12 13
12 16
12 18
12 19
12 20
12 21
12 30
12 31
13 17
13 18
13 19
13 22
13 23
13 25
13 26
13 27
13 31
14 15
14 17
14 19
14 20
14 24
14 25
14 26
14 29
14 30
14 31
15 16
15 24
15 25
15 26
15 28
15 30
15 31
15 32
16 18
16 22
16 23
16 24
16 25
16 27
16 28
16 30
17 19
17 23
17 24
17 25
17 26
17 27
17 30
17 32
18 20
18 23
18 24
18 26
18 29
19 21
19 23
19 24
19 32
20 21
20 22
20 24
20 25
20 26
20 27
20 28
21 23
21 26
21 28
21 30
22 27
22 30
22 31
23 25
23 26
23 28
23 30
24 25
24 31
24 32
25 26
25 29
25 30
25 32
26 31
27 30
27 31
28 30
28 32
29 31
29 32
30 31
30 32
31 32