17
0 2
0 3
0 9
0 11
0 12
0 13
0 14
0 17
0 18
0 19
0 20
0 26
0 31
0 36
1 2
1 4
1 5
1 8
1 9
1 10
1 11
1 16
1 18
1 20
1 22
1 24
1 25
1 31
1 32
1 33
1 34
1 35
2 4
2 6
2 7
2 8
2 10
2 11
2 12
2 14
2 16
2 17
2 19
2 20
2 23
2 25
2 26
2 27
2 28
2 30
2 31
2 33
2 34
2 35
2 36
3 4
3 5
3 7
3 8
3 13
3 14
3 16
3 17
3 18
3 20
3 25
3 27
3 28
3 30
3 31
3 34
3 35
4 5
4 7
4 9
4 13
4 14
4 15
4 16
4 17
4 19
4 20
4 21
4 22
4 23
4 24
4 27
4 29
4 30
4 31
4 32
4 34
5 6
5 7
5 8
5 11
5 12
5 13
5 14
5 15
5 17
5 18
5 19
5 21
5 22
5 23
5 24
5 27
5 29
5 36
6 7
6 10
6 11
6 15
6 19
6 20
6 21
6 22
6 25
6 26
6 29
6 31
6 32
6 33
6 34
6 35
7 8
7 12
7 13
7 14
7 15
7 17
7 20
7 22
7 25
7 26
7 27
7 28
7 29
7 31
7 35
8 9
8 10
8 11
8 12
8 17
8 21
8 22
8 23
8 24
8 25
8 27
8 36
9 10
9 11
9 13
9 16
9 17
9 19
9 21
9 25
9 27
9 29
9 33
9 34
9 36
10 14
10 15
10 16
10 17
10 18
10 21
10 22
10 23
10 24
10 25
10 29
10 32
10 34
10 35
11 16
11 22
11 24
11 25
11 29
11 30
11 32
11 33
11 35
12 13
12 14
12 15
12 17
12 23
12 24
12 27
12 28
12 30
12 31
12 32
12 34
12 35
12 36
13 14
13 15
13 17
13 22
13 23
13 26
13 27
13 30
13 32
13 33
13 35
13 36
14 18
14 19
14 20
14 22
14 23
14 24
14 25
14 27
14 30
14 33
14 35
14 36
15 18
15 23
15 26
15 33
15 34
16 22
16 23
16 24
16 25
16 27
16 29
16 31
16 32
16 33
16 34
16 36
17 19
17 20
17 21
17 22
17 23
17 25
17 28
17 29
17 30
17 32
17 33
17 36
18 19
18 20
18 23
18 27
18 28
18 29
18 33
18 35
19 20
19 21
19 22
19 27
19 30
19 31
19 32
19 34
20 21
20 22
20 23
20 24
20 25
20 32
20 35
21 23
21 24
21 26
21 27
21 28
21 29
21 31
21 32
21 34
21 36
22 25
22 26
22 27
22 29
22 34
22 35
23 25
23 26
23 27
23 29
23 30
23 34
23 35
23 36
24 26
24 29
24 30
24 32
24 33
24 34
24 36
25 26
25 27
25 30
25 31
25 32
25 34
25 36
26 27
26 28
26 30
27 28
27 32
27 33
27 35
28 29
28 33
28 34
28 36
29 32
29 35
30 33
30 34
31 34
31 35
31 36
32 34
32 36
33 34
33 35
34 35
35 36