15
0 11
0 12
0 14
0 16
0 17
0 19
0 20
0 24
0 26
1 5
1 9
1 11
1 12
1 16
1 21
1 22
1 24
1 25
1 26
2 5
2 7
2 8
2 9
2 12
2 13
2 15
2 16
2 17
2 19
2 21
2 22
2 25
3 4
3 5
3 8
3 9
3 10
3 11
3 13
3 15
3 18
3 19
3 20
3 23
3 26
4 5
4 7
4 8
4 9
4 10
4 11
4 12
4 13
4 15
4 21
4 22
4 24
4 25
5 6
5 7
5 8
5 9
5 11
5 14
5 16
5 18
5 19
5 22
5 23
5 25
6 9
6 10
6 13
6 15
6 16
6 19
6 20
6 21
6 23
6 24
7 10
7 12
7 15
7 16
7 19
7 21
7 23
7 24
8 9
8 10
8 12
8 14
8 15
8 16
8 17
8 18
8 20
8 21
8 23
8 26
9 11
9 12
9 15
9 19
9 20
9 21
9 22
9 24
9 25
9 26
10 11
10 13
10 14
10 17
10 18
10 20
10 21
10 23
10 25
10 26
11 12
11 13
11 15
11 19
11 20
11 21
11 22
11 24
11 26
12 14
12 20
12 21
13 16
13 20
13 25
14 15
14 17
14 19
14 20
14 22
14 25
14 26
15 16
15 17
15 18
15 19
15 20
15 21
15 22
15 25
16 17
16 20
16 21
16 22
16 23
16 25
17 21
17 22
17 23
17 26
18 20
18 23
18 26
19 20
19 22
19 25
19 26
20 22
20 24
20 25
20 26
21 23
21 25
22 23
23 26
24 25
25 26