30
0 1
0 3
0 5
0 7
0 9
0 10
0 13
0 19
0 21
0 22
0 26
0 28
0 29
0 31
0 32
0 34
0 36
0 37
0 38
0 39
0 40
0 43
0 45
0 46
0 47
0 49
0 54
0 56
1 2
1 9
1 10
1 11
1 13
1 15
1 17
1 20
1 22
1 23
1 24
1 29
1 30
1 33
1 34
1 35
1 38
1 39
1 40
1 41
1 42
1 44
1 47
1 48
1 49
1 51
1 52
1 53
1 55
1 56
2 4
2 8
2 11
2 14
2 15
2 19
2 21
2 23
2 24
2 25
2 26
2 28
2 30
2 32
2 34
2 35
2 37
2 40
2 44
2 45
2 46
2 50
2 51
2 53
2 56
3 8
3 9
3 10
3 11
3 13
3 14
3 15
3 17
3 18
3 19
3 21
3 22
3 23
3 24
3 25
3 26
3 28
3 31
3 33
3 35
3 40
3 41
3 44
3 45
3 47
3 48
3 49
3 50
3 52
3 53
3 54
3 56
4 6
4 8
4 9
4 13
4 14
4 17
4 20
4 22
4 23
4 31
4 33
4 37
4 40
4 44
4 46
4 48
4 50
4 54
4 56
5 8
5 10
5 11
5 13
5 17
5 20
5 22
5 23
5 25
5 27
5 28
5 29
5 31
5 35
5 37
5 39
5 40
5 42
5 43
5 44
5 45
5 46
5 47
5 49
5 50
5 51
5 53
5 54
5 55
6 10
6 13
6 15
6 16
6 20
6 21
6 22
6 27
6 31
6 37
6 39
6 42
6 43
6 46
6 48
6 49
6 51
6 52
6 53
7 9
7 10
7 11
7 12
7 13
7 15
7 16
7 17
7 19
7 21
7 24
7 25
7 27
7 29
7 30
7 31
7 32
7 33
7 36
7 37
7 44
7 49
7 50
7 52
7 54
7 55
8 9
8 13
8 14
8 16
8 19
8 20
8 24
8 32
8 33
8 35
8 36
8 37
8 39
8 40
8 41
8 46
8 48
8 49
8 51
8 52
8 53
9 11
9 15
9 17
9 19
9 23
9 24
9 25
9 26
9 27
9 28
9 31
9 33
9 36
9 38
9 39
9 43
9 44
9 46
9 48
9 51
9 52
9 55
10 12
10 15
10 16
10 17
10 18
10 19
10 20
10 23
10 24
10 25
10 26
10 27
10 29
10 30
10 31
10 32
10 34
10 35
10 38
10 39
10 40
10 44
10 45
10 46
10 47
10 49
10 50
10 54
10 55
11 12
11 13
11 14
11 15
11 16
11 17
11 19
11 20
11 21
11 22
11 23
11 25
11 26
11 27
11 28
11 30
11 33
11 35
11 38
11 39
11 41
11 42
11 45
11 46
11 47
11 48
11 49
11 51
11 53
11 54
12 19
12 21
12 22
12 25
12 26
12 28
12 31
12 32
12 34
12 36
12 37
12 39
12 42
12 43
12 45
12 46
12 51
12 53
12 54
12 56
13 16
13 17
13 18
13 19
13 21
13 23
13 24
13 25
13 27
13 35
13 40
13 41
13 43
13 46
13 48
13 52
13 53
14 16
14 17
14 18
14 19
14 20
14 23
14 25
14 27
14 28
14 30
14 31
14 35
14 36
14 37
14 42
14 43
14 44
14 47
14 51
14 52
14 53
14 55
14 56
15 19
15 23
15 24
15 25
15 27
15 29
15 32
15 33
15 34
15 36
15 37
15 39
15 42
15 44
15 45
15 47
15 49
15 50
15 51
15 53
16 17
16 18
16 19
16 20
16 22
16 25
16 28
16 29
16 34
16 35
16 40
16 41
16 43
16 45
16 48
16 49
16 51
16 52
16 54
16 55
16 56
17 18
17 19
17 20
17 21
17 26
17 28
17 29
17 30
17 31
17 32
17 33
17 34
17 35
17 36
17 38
17 40
17 41
17 42
17 43
17 45
17 46
17 47
17 55
17 56
18 20
18 21
18 22
18 23
18 24
18 25
18 26
18 27
18 29
18 30
18 31
18 35
18 36
18 40
18 41
18 43
18 44
18 47
18 48
18 49
18 50
18 52
18 55
19 20
19 21
19 23
19 26
19 29
19 32
19 37
19 38
19 43
19 45
19 49
19 51
19 52
19 53
19 55
20 21
20 24
20 25
20 27
20 28
20 29
20 31
20 33
20 34
20 36
20 37
20 40
20 41
20 42
20 43
20 45
20 46
20 47
20 48
20 51
20 52
21 23
21 29
21 33
21 34
21 36
21 39
21 42
21 46
21 47
21 48
21 52
21 53
21 54
21 56
22 25
22 26
22 27
22 28
22 30
22 32
22 33
22 35
22 36
22 37
22 39
22 40
22 41
22 42
22 44
22 45
22 47
22 52
23 24
23 25
23 28
23 29
23 30
23 35
23 38
23 39
23 40
23 43
23 45
23 49
23 50
23 52
24 27
24 28
24 31
24 32
24 38
24 39
24 41
24 42
24 45
24 46
24 50
24 51
24 53
24 54
24 55
24 56
25 27
25 29
25 37
25 38
25 39
25 41
25 49
25 50
25 52
26 27
26 28
26 30
26 33
26 35
26 36
26 38
26 41
26 45
26 47
26 49
26 52
26 53
26 56
27 29
27 34
27 40
27 42
27 44
27 46
27 47
27 50
27 51
27 52
27 56
28 29
28 32
28 33
28 34
28 35
28 37
28 38
28 40
28 43
28 44
28 49
28 52
28 53
28 56
29 30
29 31
29 36
29 37
29 39
29 41
29 46
29 50
29 51
29 53
29 54
29 55
29 56
30 31
30 32
30 35
30 36
30 37
30 39
30 43
30 45
30 46
30 47
30 52
31 32
31 33
31 36
31 37
31 38
31 40
31 41
31 43
31 45
31 46
31 47
31 52
31 53
31 54
31 56
32 33
32 34
32 35
32 36
32 37
32 38
32 39
32 41
32 42
32 44
32 45
32 47
32 48
32 55
33 34
33 35
33 37
33 38
33 43
33 44
33 47
33 48
33 49
33 51
33 52
33 56
34 37
34 42
34 43
34 48
34 49
34 52
34 55
34 56
35 39
35 40
35 41
35 47
35 48
35 49
35 52
35 53
35 56
36 39
36 40
36 41
36 47
36 48
36 49
36 52
36 53
36 54
36 55
36 56
37 39
37 49
37 50
37 51
37 52
37 55
37 56
38 41
38 44
38 45
38 51
38 53
38 55
38 56
39 43
39 44
39 48
39 51
39 52
39 56
40 42
40 44
40 46
40 49
40 50
40 53
40 55
41 42
41 43
41 44
41 45
41 46
41 48
41 50
41 52
41 55
42 46
42 47
42 55
43 44
43 45
43 49
43 52
43 54
43 55
43 56
44 45
44 47
44 49
44 51
44 54
44 56
45 48
45 49
45 51
45 53
45 56
46 48
46 51
46 54
46 55
47 48
47 49
47 55
48 50
48 51
48 53
48 55
49 53
49 54
50 52
50 53
50 55
51 54
51 56
52 54
52 55
53 54
53 56
55 56